81.872403	155.190570	36.815365	31.643351	22.760471	107.289016	26.099586	-1
67.677749	168.424579	35.980847	27.164130	18.575531	109.429190	23.690666	-1
45.151652	192.126850	18.225428	73.984839	96.688469	156.924817	69.860835	-1
502.066162	259.125031	24.430736	272.142958	164.384678	356.898131	276.441932	-1
323.298909	827.826900	141.233145	167.706329	120.752308	528.194948	140.793039	-1
342.974708	623.165883	75.530606	262.737104	166.347241	431.966809	262.737104	-1
301.900782	434.506056	44.653294	166.825231	122.802344	357.272263	166.825231	-1
124.204615	378.577421	15.922088	19.180530	28.936823	237.832322	15.324980	-1
146.343887	686.988580	56.986356	121.969469	110.374309	493.471980	121.969469	-1
350.954606	399.198386	33.254175	53.295891	91.828120	240.569506	53.295891	-1
960.668339	789.720429	33.690403	237.687020	277.173757	518.251964	237.687020	-1
757.302216	386.853134	63.576340	106.108397	136.782686	276.571343	106.108397	-1
148.160905	409.156195	32.283843	196.417308	96.788684	330.238627	196.417308	-1
56.356251	120.303891	17.938262	27.859317	20.788232	88.633641	25.391522	-1
682.974179	303.255712	56.068451	74.047586	137.841018	186.135478	54.184827	-1
25.318892	670.364064	43.234539	36.278191	23.611569	408.918882	25.248091	-1
100.818525	286.661867	20.238029	87.801294	129.415913	215.733646	65.764535	-1
383.679271	557.994875	16.303526	58.071464	81.445477	322.973739	47.883201	-1
286.521150	264.105822	21.062805	101.959793	115.434621	258.279417	67.639958	-1
133.461473	324.342768	31.161947	39.646319	34.566388	214.640285	29.022429	-1
308.223324	418.579546	40.924345	93.905021	109.231325	293.172704	93.905021	-1
98.222431	180.210077	37.954280	69.979563	55.868163	109.940226	69.979563	-1
54.257852	380.756488	20.130252	143.069106	71.528155	361.671635	136.969560	-1
90.822860	52.417247	5.340071	45.240339	36.961646	48.400315	45.240339	-1
192.308547	238.458062	20.617553	42.270633	36.840085	165.885574	17.939969	-1
79.144340	91.104886	3.540609	44.257311	16.913576	52.937961	38.735512	-1
112.937198	538.038246	27.498772	119.745540	110.788574	365.857688	92.997968	-1
50.057341	172.135496	28.425828	20.124308	19.335073	113.557818	19.139702	-1
243.893016	321.594602	35.337634	43.961434	87.267194	210.327542	43.961434	-1
196.268832	556.551466	84.619958	118.881580	38.337539	315.159703	68.416950	-1
269.716283	1025.278503	87.178876	277.881522	118.787946	612.141435	193.871156	-1
130.323394	181.158114	23.440050	147.295745	31.757746	139.817835	101.215325	-1
26.336906	260.220763	19.436759	78.281267	48.930250	213.653990	78.281267	-1
70.775888	659.304983	57.047434	153.625254	117.012561	434.417389	153.625254	-1
303.454779	473.128912	63.079039	157.702116	102.061110	294.842312	157.702116	-1
25.844872	161.121179	38.407237	26.488813	10.894233	108.571469	25.714554	-1
190.821513	154.784900	9.642441	35.389133	61.695646	102.408707	35.389133	-1
4.178945	197.447930	3.748723	8.750856	4.185304	131.689908	8.750856	-1
203.083540	464.370423	38.119270	45.361591	67.278598	325.438333	45.361591	-1
98.637283	144.294959	8.344222	49.662744	55.556266	100.669790	48.833628	-1
300.382485	335.456026	16.448712	61.895917	96.030579	290.940187	61.895917	-1
110.500608	144.376806	12.766914	65.002146	47.312872	131.223470	60.454082	-1
76.308228	278.485186	11.889917	75.309708	63.694883	219.597851	72.863109	-1
198.452659	741.316552	222.905370	115.156015	83.426216	505.897060	115.156015	-1
476.772060	742.870586	28.501301	237.208061	206.978182	502.787577	237.208061	-1
221.902215	514.329039	24.282208	93.397378	121.111856	387.964695	78.880196	-1
56.546226	121.969843	17.916829	130.706904	25.113540	100.952592	122.680028	-1
126.070424	493.478011	95.641612	34.140733	51.434041	299.788222	34.140733	-1
345.518369	814.839812	98.120759	207.923126	226.278560	559.508815	207.923126	-1
216.903147	496.960535	61.695503	101.352589	116.582839	367.589679	101.352589	-1
222.635489	398.221091	19.219255	106.356261	145.942248	311.682483	106.356261	-1
121.745729	590.413413	58.472182	85.831695	63.531024	378.419416	69.961167	-1
295.664472	230.980819	21.605031	117.205751	59.692435	263.534934	84.692060	-1
165.003189	298.077122	22.831547	135.591125	150.343947	250.379898	105.633727	-1
364.465800	670.301883	138.552561	319.031686	167.581551	465.293269	262.415205	-1
574.987878	564.989475	68.491071	235.711806	185.935050	435.527374	235.711806	-1
208.513815	458.533122	31.783293	109.372927	112.919088	375.735494	109.372927	-1
98.256101	171.741395	11.745230	88.326638	58.054032	228.814244	63.465353	-1
48.474269	364.625772	32.790343	17.406513	18.807742	249.170331	19.071610	-1
72.256092	189.561814	6.980156	60.623986	71.656512	138.984656	58.679569	-1
315.024919	217.737614	20.133330	73.934106	118.808948	151.887652	73.934106	-1
69.819406	129.098784	13.837469	31.441978	34.725677	91.038409	31.441978	-1
150.563295	241.518091	52.152076	78.255287	52.602796	150.398927	60.550203	-1
148.409545	218.857304	38.877973	78.693277	91.658495	142.828587	78.693277	-1
37.024527	114.577522	9.486922	10.314081	11.258582	74.170456	8.374328	-1
623.107656	973.619716	82.775354	204.704290	274.562755	734.849464	204.704290	-1
199.870734	345.349019	27.152513	131.057283	52.523008	237.672155	77.963330	-1
153.901969	416.769761	94.711119	139.828365	141.502962	344.757541	139.828365	-1
579.737795	564.247312	22.268596	240.628859	150.201493	353.421242	240.628859	-1
59.636835	234.896301	52.318452	54.475822	38.312598	149.025591	54.475822	-1
28.663146	132.915294	40.296308	53.519800	43.618402	100.498398	61.257240	-1
211.116636	291.218168	17.027367	105.818160	82.055278	241.989613	61.568927	-1
28.995990	211.350519	28.380957	44.644080	30.161912	181.574504	46.026097	-1
185.779720	237.809125	31.807657	55.169418	100.384986	159.225698	55.117159	-1
94.385242	365.909834	34.344301	160.178551	75.668884	249.421402	138.966756	-1
74.218507	70.554454	16.241246	55.688964	34.949947	51.548519	52.448072	-1
257.864866	394.086435	18.656582	114.501857	86.440960	282.736544	114.501857	-1
110.370758	526.262970	46.182267	249.402222	77.391691	372.911685	166.300942	-1
253.802850	658.779545	216.378351	79.757378	106.744570	478.650417	79.757378	-1
444.389327	532.970818	37.684550	115.814217	152.711715	346.056548	115.814217	-1
155.411765	443.293655	23.804717	34.180575	67.223839	269.267926	30.434393	-1
227.722876	351.457455	32.797650	115.350698	144.805728	327.486073	115.350698	-1
62.379859	356.515532	64.321687	53.795898	56.773650	233.626432	53.795898	-1
301.255312	575.031453	88.930904	159.143660	144.053973	431.512829	159.143660	-1
257.314451	352.949582	75.805244	79.251230	85.901675	194.919185	67.241801	-1
63.009019	257.636369	14.966803	81.115086	106.365426	192.578686	59.180734	-1
179.804821	420.513037	45.506755	130.146491	124.830785	333.578796	130.146491	-1
119.838074	340.417107	58.968902	84.060271	93.731250	229.284972	84.060271	-1
485.969313	455.752259	25.245686	103.841328	162.852682	286.298356	103.841328	-1
334.300022	836.367708	108.257482	125.992357	196.543756	571.151526	99.683843	-1
250.374497	299.406321	47.217655	106.421902	100.626139	259.494599	106.421902	-1
90.624481	310.332541	16.810204	68.474758	67.678834	265.613420	39.511277	-1
89.235896	266.695635	35.701913	92.355444	54.609206	196.438329	92.355444	-1
253.503903	220.874635	23.452690	99.970141	116.711366	167.760542	74.817612	-1
33.844559	169.223001	11.838655	26.316079	13.600871	130.988414	29.325730	-1
61.891814	122.166818	10.287835	40.296905	40.778003	99.524610	36.363034	-1
14.120240	538.945943	36.966834	49.581524	44.465419	359.835913	44.032351	-1
173.698217	158.562771	23.878010	51.122168	75.808583	86.903765	51.122168	-1
528.060963	705.759853	58.019625	109.593866	173.879545	473.176177	109.593866	-1
77.035723	229.443212	15.038973	44.217966	31.716418	151.063592	44.217966	-1
237.197846	267.435984	51.303100	48.319527	45.358527	123.130603	48.319527	-1
207.712112	706.276313	87.230784	518.388604	91.828427	555.854923	273.519080	-1
248.335688	593.877719	72.848908	128.948557	84.143915	321.589017	90.671603	-1
127.554210	548.970363	21.340783	52.202953	62.388287	340.681671	52.202953	-1
80.194559	267.825732	32.736802	75.465636	56.013357	172.624729	58.630803	-1
130.058998	230.821727	36.796078	119.204262	40.419768	192.570382	71.428299	-1
122.020081	107.352706	35.368960	110.926241	25.370247	93.401402	93.331818	-1
180.785632	246.500396	25.771077	109.808562	91.414967	179.843986	109.808562	-1
98.260213	407.576583	19.932208	21.684023	24.660047	238.601193	21.684023	-1
641.927564	452.828823	56.910398	153.725466	232.996723	356.394219	153.725466	-1
153.965427	436.583118	48.863951	84.623550	65.446508	284.532968	77.004456	-1
68.774152	455.834287	61.073269	72.873219	46.528720	308.941727	72.873219	-1
258.241977	262.591691	26.666698	120.886921	83.348602	228.015952	63.355801	-1
71.354643	490.459659	64.664361	196.232961	49.111519	374.790333	152.019534	-1
255.148596	700.482862	80.183334	44.504439	82.647074	389.850930	44.504439	-1
103.468823	447.609630	30.272934	47.796423	61.086734	285.921720	42.904496	-1
149.086855	404.723451	38.222890	90.541505	60.795300	311.804134	90.541505	-1
86.808370	143.190353	12.960124	133.529356	40.273325	134.979287	149.019976	-1
122.658944	113.605453	21.476033	46.131232	54.392614	124.612467	41.359886	-1
43.051282	132.844122	16.031526	69.431401	45.583285	90.806795	40.167809	-1
156.546455	520.046957	35.272903	40.035822	63.288089	329.462004	36.283948	-1
144.425138	319.324693	14.599587	157.025362	168.653586	289.799607	157.025362	-1
519.553114	318.036603	45.192758	140.909268	162.542075	184.011624	140.909268	-1
133.718766	186.493052	6.602880	74.809098	72.855108	173.842455	45.901408	-1
80.489997	139.180792	23.139164	47.560492	40.271395	99.073291	47.560492	-1
666.298150	625.743293	15.017733	135.408873	180.647566	424.368190	135.408873	-1
144.876412	110.753233	26.354569	44.066306	82.141776	73.175912	41.606383	-1
93.483165	223.094000	14.364060	315.607646	52.000071	279.629360	268.878537	-1
234.298060	291.362657	16.589435	68.115801	66.471750	218.698539	68.115801	-1
195.273664	477.156897	48.222859	195.039197	197.655951	400.287116	195.039197	-1
54.877043	127.697249	20.736055	41.937604	34.634702	90.389949	37.810976	-1
49.405945	173.785945	11.944328	72.255589	96.551730	152.850737	63.469149	-1
471.947518	418.947613	39.505375	170.593883	197.781003	271.715611	95.530242	-1
23.091645	171.528971	16.744031	21.731574	26.580789	126.845080	19.998592	-1
453.711405	430.705146	87.177913	114.787083	110.652070	250.422901	74.037756	-1
22.378293	201.960595	12.828665	25.467004	29.251950	155.486099	25.467004	-1
89.184194	98.373139	23.272364	77.883308	26.377538	88.175035	81.704616	-1
13.191097	177.197910	14.387839	51.332745	22.603492	117.469964	41.144440	-1
193.728662	784.615483	46.753179	306.428144	97.347336	493.686862	209.477282	-1
138.615177	310.771487	71.214141	105.684518	55.375499	165.176967	65.432957	-1
37.518340	119.660784	16.781230	37.874395	26.507419	104.236341	24.429673	-1
157.223022	179.914972	41.220366	90.341742	75.440070	167.291793	90.341742	-1
85.524856	151.493171	22.203020	58.121944	35.609162	100.169092	58.121944	-1
60.516631	513.778469	46.300540	112.209018	97.745368	357.671986	112.209018	-1
43.861622	130.035725	33.188112	10.665053	14.463154	82.081355	10.665053	-1
158.686894	105.093400	7.874244	49.945850	57.810215	81.999419	49.945850	-1
214.873843	576.666450	60.962007	139.878987	112.063157	358.752607	128.005501	-1
257.557901	678.677215	139.754480	118.106473	99.571862	471.763683	75.362334	-1
71.065915	329.915380	20.392642	90.345467	71.158599	237.565710	78.981450	-1
125.450018	500.692394	123.637032	89.611666	78.380417	405.410944	89.611666	-1
283.406496	545.659927	41.474296	63.923399	117.248642	395.889601	58.477896	-1
624.143962	336.436912	48.522744	249.996097	122.257600	213.461574	201.524508	-1
209.525637	841.311498	70.936935	96.941630	107.914788	569.734114	96.941630	-1
224.986169	267.509240	45.490256	118.460682	117.012612	139.501037	92.157344	-1
260.367684	380.785631	37.342487	52.164082	89.782468	240.580011	51.804312	-1
54.196584	154.932250	16.533382	132.328921	56.236413	131.895976	143.491837	-1
31.557004	110.314285	13.736565	46.594912	9.783284	85.590628	42.289308	-1
268.411143	188.665250	44.650759	79.232786	77.424900	174.603379	58.485479	-1
107.125181	568.290053	43.455432	54.096877	47.253806	409.183467	54.096877	-1
67.528530	484.700933	18.995942	205.569111	108.758086	339.914863	205.569111	-1
496.744889	452.236962	20.892282	90.237868	97.455499	327.789755	90.237868	-1
177.572741	221.591190	26.018704	75.545619	59.893748	206.573144	63.545241	-1
68.103932	238.855847	20.419243	63.068386	56.349719	165.650654	63.068386	-1
165.757727	433.575773	12.253101	152.382244	180.297615	369.607738	152.382244	-1
362.814765	437.688404	44.330556	153.505450	135.143637	342.937574	153.505450	-1
656.146031	268.164507	30.727558	146.981325	172.611056	279.362155	138.508450	-1
9.736629	151.626059	7.436559	20.755350	7.153378	102.977693	18.544867	-1
160.748573	412.683880	15.253802	137.628603	76.946896	261.667596	137.628603	-1
225.264905	472.148716	53.154589	18.126489	48.361703	287.048138	23.869966	-1
122.112322	245.205611	10.488156	86.836765	103.558785	207.549075	86.836765	-1
373.429152	473.718385	78.865283	64.563434	127.158721	366.101531	64.563434	-1
19.463077	248.834429	22.933207	32.444171	20.398455	184.192878	28.399584	-1
473.993109	679.659300	85.654145	101.962758	151.742707	431.132870	101.962758	-1
165.401096	217.562666	24.468531	61.626018	46.569018	142.528702	55.359338	-1
494.608172	418.029071	37.698502	176.372621	164.515666	297.454509	176.372621	-1
193.516625	617.178097	123.678549	109.392235	35.803384	349.431790	98.814364	-1
237.365439	716.432512	104.535898	210.541817	143.179416	497.903653	198.216829	-1
11.960701	155.762274	9.114142	28.905346	12.781978	107.627834	20.097485	-1
81.178159	199.922545	23.623496	65.713181	55.908245	155.958673	53.416661	-1
187.512001	270.043898	37.965915	115.766949	107.110261	211.768093	115.766949	-1
109.140579	422.941320	16.687865	102.231111	74.237989	230.056025	82.956397	-1
36.045751	373.845505	39.486184	206.183269	22.908858	276.765937	117.682537	-1
61.556503	106.209875	27.109347	50.395222	35.850315	92.137409	54.225079	-1
248.325185	238.503225	29.758802	87.764275	114.678871	192.477230	83.209938	-1
79.304705	320.246110	31.517313	67.121161	83.291660	212.563866	67.121161	-1
400.469828	648.124734	137.029174	78.070781	116.484140	397.148070	78.070781	-1
332.803116	584.376603	39.200432	207.597297	146.855582	374.670019	207.597297	-1
324.610559	314.945977	35.473660	76.497040	125.980623	150.693273	65.802002	-1
96.670458	247.751410	16.775831	86.992527	42.084650	208.123290	38.032140	-1
192.460484	318.266013	54.288565	85.019936	90.700189	257.868051	85.019936	-1
219.800257	846.984429	147.161370	99.687213	116.469957	538.168782	99.687213	-1
301.947516	578.631137	104.876420	93.623068	143.810864	345.763187	90.970825	-1
444.285091	477.068897	65.286871	53.262892	126.309500	311.423649	53.262892	-1
70.010395	217.928042	15.846025	67.327765	89.721985	173.056848	66.036034	-1
41.057784	230.340100	41.818595	21.960204	19.908122	147.555036	21.604809	-1
157.689337	173.152564	24.520883	71.282827	51.372526	132.561520	53.769302	-1
203.191166	431.231430	37.850102	85.926050	83.480741	314.794451	85.926050	-1
126.178206	370.835206	23.290627	149.279663	199.724028	310.179320	149.279663	-1
181.578512	633.554083	49.793689	84.166223	76.427640	379.179548	53.103903	-1
125.577325	624.659792	16.799677	89.833694	94.192204	449.715420	88.110663	-1
178.310211	324.618732	7.648006	46.229379	69.356503	201.991616	40.720909	-1
831.742344	846.017653	34.049023	215.717344	180.626553	497.543112	215.717344	-1
176.051261	157.778290	31.672773	43.910740	77.957086	100.889084	36.824336	-1
16.290785	457.333476	21.169504	199.268210	69.280721	338.148039	167.109805	-1
20.916818	85.845432	17.299881	17.410852	21.559084	63.839752	15.889203	-1
451.300760	695.339093	66.156632	70.656119	139.383518	476.548548	70.656119	-1
50.307952	95.885234	14.831550	37.189783	40.637891	75.465202	37.189783	-1
126.752844	88.755642	6.767861	57.151843	71.631056	82.896653	49.415454	-1
34.130647	47.408183	3.375064	35.848492	11.294142	35.186031	32.220404	-1
223.187469	337.455711	37.146830	118.143477	94.183029	256.575397	118.143477	-1
211.007111	153.007163	32.953714	25.143202	42.436619	103.014679	19.348348	-1
401.012147	649.457132	119.567955	125.404142	147.740602	458.711385	125.404142	-1
55.749554	222.402648	33.056603	70.488712	47.151365	166.221248	70.488712	-1
285.687231	470.020306	40.192645	104.097613	113.076511	287.975778	104.097613	-1
131.513947	175.848625	2.710516	24.694748	23.636760	109.213321	24.694748	-1
141.546534	1146.480469	155.544797	308.907409	128.169797	818.412940	199.878306	-1
24.175394	256.180703	43.810881	50.222137	35.693900	162.091766	50.222137	-1
27.814369	251.189028	17.467873	139.213016	32.028663	231.828140	79.090621	-1
59.082102	408.616285	24.230756	108.976198	87.474502	325.982468	108.976198	-1
226.844292	412.679553	59.195427	85.865374	61.408105	281.480685	50.633756	-1
82.702208	188.490673	11.910071	37.923677	22.284372	118.791773	37.012535	-1
76.246963	154.194866	37.836070	30.439107	21.060634	94.444368	31.804887	-1
178.668746	77.319115	7.045120	175.194361	35.824972	78.507828	138.816410	-1
242.047249	406.324732	55.216047	78.419558	99.512452	283.789418	67.819838	-1
246.036740	282.005706	27.885799	134.744116	128.703544	215.349151	123.284134	-1
271.320029	182.167525	7.175789	90.501406	153.067877	163.886901	74.833166	-1
150.236503	410.674461	30.203717	80.640304	98.742081	380.762184	80.640304	-1
137.112791	339.524992	75.689862	63.392700	81.354798	257.220892	63.392700	-1
29.350372	437.603103	25.053431	91.873443	35.280097	295.985775	53.183930	-1
272.871278	677.019437	76.196510	87.918595	94.895370	404.289638	87.918595	-1
132.351844	193.672264	10.601522	86.155765	29.547536	121.626662	81.610762	-1
398.969003	255.999967	21.955869	104.489102	120.271240	182.333143	103.152398	-1
111.755485	460.322448	50.337515	80.515139	69.742807	330.052812	80.515139	-1
20.375795	168.027545	21.209840	23.826432	28.525439	135.258119	20.130179	-1
589.640070	650.895366	114.276362	135.359726	206.647349	496.788122	132.818796	-1
70.846455	171.574469	39.993719	121.191381	26.956191	99.569216	119.682209	-1
87.399826	299.658561	19.887264	100.729477	139.904133	228.079340	88.885528	-1
267.206036	245.403556	71.886345	34.670309	83.639951	123.695504	34.670309	-1
61.257782	476.023492	28.372196	77.680079	69.911673	267.480751	33.470987	-1
207.869360	140.703189	26.451351	50.764621	69.885813	101.859924	31.496275	-1
95.589750	290.242738	52.530930	17.987166	26.251665	186.971619	15.998411	-1
247.661533	271.163455	34.918578	115.476281	106.659537	170.302444	115.476281	-1
189.707023	670.408754	47.774321	238.222268	159.428195	386.764844	177.548097	-1
179.509380	231.820154	21.246433	171.717365	89.738520	210.707301	171.717365	-1
469.738601	555.340044	60.068375	111.385425	133.187416	467.887994	103.924615	-1
64.002176	188.721899	34.969256	56.863100	21.548317	137.648218	38.811569	-1
189.368466	131.902513	6.019292	124.925266	106.491297	160.370576	122.341982	-1
108.012961	239.782441	9.564680	106.184000	93.708221	192.124568	106.184000	-1
269.499664	294.138001	26.143671	62.707369	110.075493	216.826793	59.746317	-1
59.521036	172.174031	20.137608	19.737434	37.978230	123.037116	19.737434	-1
380.607930	424.878769	24.532491	41.638418	83.275728	264.597796	41.638418	-1
333.070019	233.440667	65.829838	51.577858	74.716982	146.260234	51.577858	-1
203.855480	520.511484	50.259424	89.996984	104.877551	340.552441	89.996984	-1
70.929745	611.859068	24.465143	62.344154	42.666279	350.354508	59.909863	-1
379.082441	1219.132673	139.815416	368.084447	199.679201	852.074449	289.277832	-1
116.501289	377.560673	19.968991	136.256706	42.162026	234.440424	71.381839	-1
32.802605	145.400134	11.085858	27.630922	40.982814	199.040617	27.630922	-1
58.548432	118.861502	22.731081	48.321235	13.618725	85.349952	48.321235	-1
134.607896	484.093072	35.791856	90.761845	101.639325	363.270016	90.761845	-1
58.476702	207.560730	9.045738	43.815862	19.928031	146.317567	43.395163	-1
48.775175	116.869303	17.958630	16.305936	13.232336	71.907277	16.272361	-1
125.393545	308.034741	33.662684	247.897877	182.849738	267.578692	186.117224	-1
31.071989	218.725485	8.813324	13.166919	13.419819	142.442675	9.225349	-1
33.962036	363.346837	50.123931	82.331034	54.850741	246.204189	82.331034	-1
210.369609	539.435365	30.420546	155.249220	105.878801	323.159837	155.249220	-1
73.595692	315.835661	39.468602	130.091682	32.871363	233.747958	78.624325	-1
150.977685	388.643904	22.395201	97.635936	88.028799	283.169303	97.635936	-1
106.965913	374.759234	20.630357	59.142331	47.137222	282.758665	47.931071	-1
434.019082	833.090182	214.599716	54.862188	141.089414	405.425185	38.943121	-1
157.985855	325.643940	16.468702	62.712454	46.915876	217.387678	62.712454	-1
669.482945	502.755272	63.914975	162.134498	154.192584	346.096660	104.559062	-1
164.571494	339.259422	25.518906	169.809508	102.841322	232.493448	169.809508	-1
120.784244	155.124902	31.636086	36.475826	45.887655	92.884363	36.475826	-1
371.630286	284.967870	15.409328	90.973688	117.460078	195.850792	90.973688	-1
261.094540	356.782094	127.948560	85.253500	106.274850	221.413081	85.253500	-1
102.011700	262.120673	28.754622	78.549886	111.245748	187.683189	71.021229	-1
755.899434	824.135222	61.713669	109.197911	198.735360	520.586937	109.197911	-1
883.138895	430.283335	45.473544	88.064422	106.847861	246.147301	46.724246	-1
368.980069	334.244902	124.746306	128.400608	152.111909	206.745800	128.400608	-1
372.818724	454.637453	41.354675	257.351213	178.963831	376.952417	257.351213	-1
414.554117	612.522708	48.468304	123.782683	149.628209	478.881371	123.782683	-1
482.279781	307.843251	34.360149	114.653930	128.236497	206.187768	114.653930	-1
26.654599	360.080857	14.498421	56.520677	22.202364	259.410180	54.169680	-1
505.863328	750.636749	12.707430	90.074240	146.630426	521.410305	90.074240	-1
147.244358	394.323606	28.551830	43.550910	30.555726	290.840181	31.351188	-1
279.383089	278.806834	19.534895	74.882183	114.738336	187.311157	69.712075	-1
205.000359	203.225797	2.368794	57.102131	58.128190	187.440863	57.102131	-1
318.764948	376.918578	21.307710	77.254672	75.198935	232.942375	77.254672	-1
194.323671	130.483912	17.399878	129.326789	81.318532	100.284174	73.689451	-1
461.858210	695.001400	92.717542	124.573238	188.106080	464.301623	124.573238	-1
68.392319	186.866308	39.312287	26.687678	29.279330	125.192334	24.332077	-1
97.768293	326.859607	19.368261	44.965180	55.273019	246.635154	44.965180	-1
71.087824	255.516734	54.382368	68.595750	22.023785	173.882585	55.033877	-1
52.954067	333.685081	12.588529	48.667099	37.027716	211.330187	43.349006	-1
30.157592	238.873381	11.296855	47.213406	32.144382	241.711690	37.179677	-1
24.024258	233.123533	24.965018	99.604466	46.052412	175.953492	75.173822	-1
50.391118	384.832260	14.996648	31.033847	33.185898	247.764331	25.371221	-1
76.777682	165.353641	31.405921	88.356696	49.657564	108.762272	81.576956	-1
53.584485	162.969374	49.527243	33.619698	30.109743	90.761152	33.721718	-1
148.077141	191.959581	5.843250	72.626031	94.076066	170.456047	72.626031	-1
159.672074	468.563843	63.108781	96.291582	99.951815	336.896802	96.291582	-1
113.082284	446.560243	82.799975	115.138166	107.082028	339.443023	115.138166	-1
134.907825	203.596256	8.561867	42.996165	67.885878	141.197921	39.457391	-1
95.681221	290.480018	63.554665	139.831412	66.162777	223.013478	113.794043	-1
415.581216	590.475969	46.658628	89.053637	120.799052	428.762181	89.053637	-1
178.017151	616.062522	37.700952	281.807901	113.285175	472.932754	133.834874	-1
67.809434	574.860055	58.203781	46.305562	26.032153	353.451785	39.457966	-1
344.286809	832.836385	83.359718	148.641318	174.938477	533.645174	148.641318	-1
302.908122	463.202014	32.303560	109.168978	138.445267	365.494002	109.168978	-1
277.259941	533.138797	39.975962	113.195700	176.778423	423.487902	104.998981	-1
41.382494	82.031556	10.978158	31.005839	16.195152	77.748360	32.549749	-1
226.937466	607.645180	48.984842	133.213655	156.549466	466.631283	123.146705	-1
70.515651	331.903502	29.483233	59.376280	31.750388	208.517696	59.376280	-1
172.720658	399.261030	27.210379	232.870142	161.150893	315.496023	232.870142	-1
691.387793	702.041115	69.326624	119.761411	183.079643	396.493255	119.761411	-1
212.122532	209.293908	18.816291	47.253986	57.959391	155.343893	34.606112	-1
108.661184	365.930047	88.424615	97.864690	63.285610	273.133089	87.350716	-1
181.968607	433.021972	15.194214	143.707146	161.333063	299.698894	143.707146	-1
249.833525	324.151198	34.306694	90.507244	90.744382	246.518664	90.507244	-1
142.169303	311.880276	28.791851	293.704176	113.573402	248.493416	203.096899	-1
29.890848	376.916494	20.722181	71.822498	30.467827	269.463423	58.127491	-1
141.056218	110.619006	21.696022	37.785298	60.435145	100.838862	36.345993	-1
52.571070	86.332465	4.415215	21.106881	12.187210	75.085871	21.130247	-1
136.778523	98.803923	10.372974	95.261903	70.194557	122.469832	90.403108	-1
169.637247	163.929302	5.417707	45.324296	79.872114	126.595817	41.626010	-1
96.333726	451.691754	28.216073	147.535918	106.223213	356.246570	147.535918	-1
27.309965	444.023328	22.638149	50.178477	32.743081	287.438310	50.178477	-1
591.521960	554.238215	99.586920	160.782338	141.012918	329.524059	160.782338	-1
295.648066	389.906077	52.110224	43.261706	122.659752	241.629028	43.261706	-1
220.097898	370.328774	39.824576	112.545540	114.756080	288.761707	112.545540	-1
25.678520	435.843679	22.218093	88.849585	73.221769	317.717463	88.849585	-1
13.920074	558.162569	26.137485	77.568761	48.455773	361.992018	77.568761	-1
30.079683	402.160263	33.858590	67.787035	31.564302	308.235814	67.787035	-1
32.509041	450.089702	26.629619	59.120652	45.431154	316.623779	59.120652	-1
135.179894	254.995977	25.942419	35.734288	40.534392	176.800895	30.523852	-1
245.361326	416.424502	33.566675	71.415553	113.077161	291.874469	71.415553	-1
339.946256	523.575444	43.832472	113.484840	146.507113	373.284350	113.484840	-1
55.092716	150.588716	32.582856	36.852555	21.119398	88.289599	31.749802	-1
213.951441	244.903840	5.753759	99.788921	76.103238	187.761313	99.788921	-1
193.147502	440.969919	47.135991	97.986685	116.223996	322.842327	91.301340	-1
404.576524	376.007766	27.934581	131.231980	147.045485	307.712743	131.231980	-1
123.303805	317.993598	40.287555	96.060661	49.803499	188.471061	96.060661	-1
160.347419	385.918211	27.449794	86.039832	72.328818	304.906098	86.039832	-1
356.253850	452.018086	27.468900	167.154745	118.048237	287.161226	167.154745	-1
188.488705	490.152416	52.152088	350.692542	60.521063	325.950212	186.669877	-1
160.340929	767.491615	172.921800	98.371544	87.184231	457.321808	98.371544	-1
342.218382	839.331038	70.214340	150.150673	177.038968	536.204559	150.150673	-1
180.881702	593.158977	25.984569	41.406101	83.937445	354.237335	34.004759	-1
264.453518	447.029767	36.453436	96.329243	133.146275	370.183560	96.329243	-1
51.593338	96.890308	13.169265	28.122450	27.554627	80.941447	28.122450	-1
435.945970	610.232110	90.592374	104.502556	165.311463	454.513204	104.502556	-1
251.296889	289.343845	28.279826	93.384633	84.387385	205.216054	67.222137	-1
96.638811	177.172244	14.325198	46.140681	66.137863	124.246051	33.568368	-1
274.628335	336.327977	52.617002	22.583423	53.593721	208.399768	25.127552	-1
58.993183	323.667330	16.974763	25.519889	26.840350	243.685928	27.806036	-1
51.162701	333.290216	29.099765	57.950841	62.571709	216.817715	54.108096	-1
311.641295	539.429269	32.329592	47.715892	87.673230	316.912990	45.360320	-1
212.309999	448.619640	58.940150	189.527393	122.610346	314.561234	189.527393	-1
205.503777	339.634347	38.094701	101.064912	98.957120	319.265297	101.064912	-1
21.578786	191.327105	8.329641	56.957901	31.821435	141.287776	56.957901	-1
149.126029	350.517814	26.515388	250.756094	153.049435	303.507165	222.242815	-1
44.826669	299.442603	16.214716	62.033000	32.116057	227.752124	43.792560	-1
208.179633	253.187770	8.012730	172.138824	147.818048	272.035113	172.138824	-1
69.691898	304.729534	26.257767	55.758584	44.877279	202.463529	55.257826	-1
39.892298	284.466681	31.831880	61.231105	34.901468	193.154613	61.231105	-1
290.525394	601.298192	136.238188	109.097015	130.558630	318.381417	109.097015	-1
28.483080	214.819975	39.288176	34.423750	43.337777	156.404021	28.563633	-1
84.039076	377.317957	13.862634	43.415312	57.070440	255.357477	36.601959	-1
111.136420	103.595148	17.549921	92.480428	51.682195	111.042909	76.810007	-1
125.593936	260.319607	38.848376	45.128425	29.840569	173.544129	28.264563	-1
64.142717	330.973797	16.346592	46.637717	21.695062	195.110663	46.637717	-1
50.838393	169.982919	5.508583	70.493644	28.318488	123.425821	52.940953	-1
71.312260	309.217045	25.398171	88.428406	69.236826	221.375999	88.428406	-1
70.320202	631.831301	21.774946	123.503794	100.583877	378.294083	123.503794	-1
121.703128	650.025576	90.719511	157.577890	208.355917	436.204732	157.577890	-1
126.734817	192.591842	38.745051	44.073431	45.098416	122.463142	41.737163	-1
435.952754	339.379212	7.295132	64.949765	91.754834	245.678563	64.949765	-1
322.235684	443.566133	88.065037	77.798689	106.684420	364.712847	77.798689	-1
625.055359	534.843439	82.125253	76.372071	167.334659	335.539933	72.015310	-1
198.140027	326.166970	32.350592	90.434220	96.419726	211.539862	90.434220	-1
95.854694	477.843286	35.725834	101.655983	112.924912	366.617559	101.655983	-1
165.624177	355.702592	22.786276	52.473985	85.040570	261.116379	52.473985	-1
63.837246	623.854386	37.493748	242.590868	40.438225	446.690099	149.197194	-1
207.903298	760.939253	180.819106	47.203346	93.920303	449.943798	38.892894	-1
399.491955	844.653492	47.897849	142.236142	170.259083	526.022564	142.236142	-1
170.301059	324.421035	59.754402	57.285632	62.590549	225.771035	57.285632	-1
232.183843	480.071590	42.403603	114.489102	131.084662	412.992211	114.489102	-1
69.984986	324.941605	29.730652	55.804801	46.557880	227.058121	55.804801	-1
292.899059	630.993077	52.538960	61.203602	105.832538	423.245575	61.203602	-1
361.140383	493.826829	53.139254	73.085345	111.836169	337.725646	59.452975	-1
80.842677	525.927399	25.870229	301.307742	167.362069	360.699660	301.307742	-1
30.456223	552.735956	18.478461	75.157290	83.062524	367.672951	68.993654	-1
188.008892	370.660371	22.432106	70.550291	64.888838	233.180616	43.379552	-1
84.943265	322.931328	28.270824	73.471821	94.849624	206.498528	71.533518	-1
406.216625	1032.054371	28.187643	191.403749	215.873738	787.286677	191.403749	-1
98.527692	155.520982	13.306155	31.727715	40.522489	107.646656	31.475080	-1
335.919684	301.092904	33.752405	238.288848	150.611387	225.885386	161.693763	-1
62.772939	359.989287	30.315131	42.217677	26.870804	250.848569	42.217677	-1
219.392439	553.506770	50.452883	182.511479	196.592295	380.489863	182.511479	-1
178.571854	154.983935	19.377295	38.876080	28.338501	91.342738	35.198982	-1
78.116641	151.545026	10.368385	71.217446	76.998811	115.865475	58.612265	-1
143.218503	359.670056	40.232748	73.702557	83.572606	265.625677	56.174712	-1
14.938169	280.694366	22.571742	48.808454	41.779940	198.813631	48.808454	-1
126.609484	221.022320	49.271082	43.146090	71.356344	136.371114	43.146090	-1
77.637005	399.679110	28.006480	79.158869	50.007117	263.209692	65.124980	-1
61.572469	265.969915	47.740483	137.218381	82.648017	187.148674	153.142151	-1
101.937114	166.716542	26.234804	119.701105	41.365774	137.318791	66.363659	-1
25.899832	77.770505	6.551414	23.062666	22.747692	69.861009	23.062666	-1
16.470382	265.514462	30.596144	76.570038	39.437182	216.167768	72.005623	-1
120.695255	590.202590	136.412036	146.643744	48.894223	304.603209	76.471439	-1
521.849009	305.829401	36.016621	197.150423	204.275869	241.221733	197.150423	-1
122.661659	132.970075	40.032424	86.899485	39.546281	77.336394	61.104418	-1
106.629884	207.307432	38.614366	75.343975	97.785139	134.059297	75.343975	-1
125.593775	438.585874	32.992096	87.078356	62.559657	303.636966	87.078356	-1
576.744867	566.865401	79.781250	160.737823	224.975851	430.697271	160.737823	-1
538.444736	272.205852	24.772875	56.712441	69.264471	221.438502	56.712441	-1
163.538784	493.126913	79.675887	84.792058	67.138636	327.890138	84.792058	-1
276.474223	427.741486	28.514522	89.941240	127.459456	321.438865	89.941240	-1
39.122895	337.515269	14.922941	112.649268	72.939514	231.892126	112.649268	-1
148.187287	702.331749	226.324669	43.934718	49.354177	402.705454	43.934718	-1
391.668442	884.891480	30.735362	119.016916	193.870004	556.698847	119.016916	-1
348.652204	402.700927	54.241788	40.310712	99.278008	241.503832	40.310712	-1
216.797979	597.908307	42.123963	138.094485	153.324738	507.732516	138.094485	-1
104.613150	293.345394	52.463941	19.292734	36.486824	200.120218	19.292734	-1
238.174483	556.835695	45.477436	115.251448	124.991203	407.346686	115.251448	-1
204.161070	350.685243	30.021082	58.112927	67.093171	264.192034	45.571441	-1
67.210527	259.834771	18.355429	126.363705	120.733584	204.689732	125.945993	-1
312.797549	648.622624	22.423274	50.085488	92.144075	400.238895	46.904895	-1
145.761880	386.480524	98.710659	116.715792	95.810521	304.482480	60.502130	-1
242.983066	260.609417	16.424750	81.460641	113.590686	165.043235	67.414685	-1
512.804565	563.035120	21.271300	216.907358	174.978538	421.313093	216.907358	-1
445.358244	241.491224	58.440699	43.041385	107.735078	192.172249	43.041385	-1
274.031272	182.254514	24.309803	57.290556	70.412395	126.779910	57.290556	-1
18.587753	89.538738	6.159055	49.051285	11.989467	66.149724	54.987931	-1
97.988871	275.914777	14.375874	132.353270	55.295345	285.036940	124.467300	-1
174.804007	510.643063	15.162867	29.124154	39.896798	337.745760	28.136313	-1
690.261832	186.280649	73.033070	132.103244	119.832036	160.855908	114.940208	-1
91.317562	145.732006	15.306418	51.755355	43.033142	103.663591	33.799945	-1
149.989298	265.488685	39.279595	75.706802	46.308219	167.430381	75.706802	-1
79.883252	430.452112	35.556169	58.988894	41.137225	271.742225	58.988894	-1
56.331001	310.697155	38.724730	138.492573	36.710443	252.798744	89.197401	-1
430.594843	384.797678	84.365113	122.417942	162.829863	233.082583	122.417942	-1
188.544667	474.185113	35.946432	103.242806	95.802219	305.573941	103.242806	-1
248.722199	86.732147	34.639718	41.039167	52.642343	59.773857	33.299634	-1
65.376350	310.442156	15.350055	142.675512	159.709706	275.542269	142.675512	-1
203.977481	349.491754	43.833567	79.025734	107.375506	272.785471	56.876310	-1
22.879122	459.112433	31.366275	89.906254	91.626919	365.513565	87.763098	-1
101.138117	188.866879	17.894488	95.907978	68.537489	146.586649	95.907978	-1
220.430363	235.599572	53.762852	98.700360	34.456566	157.025867	61.629188	-1
111.072162	470.364404	24.383809	130.215343	70.434803	333.593547	89.211372	-1
14.958121	376.421135	30.162014	34.239326	26.924064	215.681500	25.226862	-1
54.206475	462.108699	13.088305	46.240073	40.531887	328.096225	37.845806	-1
296.031877	330.286394	29.965759	314.273908	157.713330	307.494835	268.707814	-1
263.759897	293.524039	67.261802	35.860817	75.663581	168.737100	35.860817	-1
141.588150	222.167995	21.561942	72.436091	64.387057	151.006755	72.436091	-1
54.969984	138.794020	11.309333	28.310718	21.788544	99.963638	21.812629	-1
24.152093	575.662498	62.791509	124.515249	65.981448	403.268972	124.515249	-1
124.803715	490.399860	33.897640	40.763801	56.612640	316.443205	36.871339	-1
86.593047	299.784537	20.143841	101.116945	140.238583	227.719765	89.625104	-1
119.754834	327.094559	34.090326	72.842758	56.744620	244.885554	57.514176	-1
301.735694	347.144331	48.758939	117.287504	133.573542	232.257760	117.287504	-1
61.312163	318.169402	8.178192	159.819650	144.544375	281.197995	129.821425	-1
585.724972	389.630275	74.224924	104.328552	128.848742	277.876453	104.328552	-1
180.285762	549.002593	69.969268	106.078064	103.384900	344.991558	106.078064	-1
107.259507	476.205148	34.553094	165.826811	214.194512	398.481240	165.826811	-1
20.833915	104.129707	36.050726	80.553348	44.500520	74.685451	80.553348	-1
455.407898	485.647924	86.095544	101.453306	131.364210	337.949520	101.453306	-1
234.107573	264.978709	27.299725	45.496484	87.946275	190.260502	33.988792	-1
70.562792	420.238033	43.747040	45.946931	32.901445	270.668362	34.623145	-1
221.462314	406.410554	32.236846	94.121542	111.160142	330.961967	87.711478	-1
112.393451	130.256797	36.432623	23.982976	35.474512	81.267897	20.706057	-1
165.458961	242.760371	21.778677	108.891977	94.082273	208.856788	108.891977	-1
216.491621	176.930190	23.484091	54.494023	78.351767	146.660580	54.494023	-1
190.077528	296.351507	22.474684	283.003290	165.658335	367.578318	290.086130	-1
190.359247	335.310295	55.658572	141.106996	95.063002	268.051549	96.356626	-1
85.614998	444.173918	92.536784	78.054018	54.031633	307.026913	78.054018	-1
73.469824	266.067336	16.066095	43.729506	28.513205	177.785053	43.729506	-1
229.553797	362.677420	39.051016	324.023955	57.543533	252.647377	172.613268	-1
253.145121	430.223506	25.976039	88.625948	89.188341	280.820974	72.391095	-1
79.597495	130.491230	10.907027	90.898560	27.635416	107.771790	82.727944	-1
572.253170	381.738078	61.448492	104.592772	122.614296	244.050691	104.592772	-1
41.525348	91.725762	12.941504	100.017462	18.934562	76.347624	92.431345	-1
78.165793	127.353095	28.733421	20.510423	39.999780	83.932665	14.361189	-1
497.582240	611.480357	70.080768	76.981491	167.308412	451.796858	75.237197	-1
179.814622	322.897581	22.185059	93.536176	82.195885	227.126222	93.536176	-1
100.963134	216.909440	38.905833	93.394020	127.515397	190.038471	75.190926	-1
300.062348	255.860102	34.124625	105.522720	146.779229	241.713705	105.522720	-1
396.175488	322.824289	38.896361	52.949554	95.921352	186.294639	44.073653	-1
158.606614	369.875919	56.076503	145.468446	98.309963	322.480532	77.930618	-1
111.678467	202.098973	20.459665	94.897513	72.496349	156.504937	79.163918	-1
155.910642	370.759437	56.481788	203.115555	116.095708	293.604291	187.514073	-1
403.325786	484.990860	52.344494	107.901952	148.440124	369.435632	107.901952	-1
50.527346	251.199761	22.473529	67.192154	61.400639	173.914148	67.192154	-1
117.546824	292.970993	24.998866	74.273770	68.666004	178.209923	53.835145	-1
101.092984	135.121814	27.489809	73.012511	49.763866	102.341752	73.564198	-1
271.478733	260.366016	8.970080	220.739472	112.785053	236.480701	149.039445	-1
27.693082	369.807240	53.860505	81.249725	72.047323	271.831323	72.366349	-1
203.872607	363.967293	51.504233	51.878490	76.075330	239.683819	47.642356	-1
207.268221	208.765059	27.504186	105.324514	80.723145	145.648286	53.472474	-1
353.896894	390.379498	31.333866	83.045803	103.860135	241.621545	83.045803	-1
69.237436	233.704372	13.999596	85.056155	90.745819	203.434021	85.056155	-1
21.877465	731.087706	57.412882	152.836960	78.135234	500.782491	152.836960	-1
413.123831	796.681268	133.104339	62.305411	169.503916	516.015646	51.377069	-1
494.321216	596.345534	32.587750	195.810172	170.314804	468.313436	195.810172	-1
335.513910	436.689589	113.262690	65.304471	97.691334	266.652129	65.304471	-1
203.732212	315.283766	31.547461	98.922626	90.161182	224.685709	98.922626	-1
143.980919	295.987523	53.589660	51.771072	45.705949	182.960258	51.771072	-1
243.297486	536.184763	41.186079	118.529450	119.805615	415.932922	118.529450	-1
117.043559	282.063307	27.063104	74.968161	63.186287	183.216304	55.413219	-1
134.966791	210.422674	16.656336	68.151968	109.999783	194.273513	65.330369	-1
166.689240	246.665333	25.496492	129.798364	92.357226	206.767700	131.936070	-1
182.885625	237.752898	46.670759	86.773083	76.468945	159.527927	42.948077	-1
231.762494	686.454179	50.264393	166.005581	69.593118	350.829984	80.902513	-1
547.269474	316.928230	33.994251	36.713445	84.694026	184.365418	36.713445	-1
180.294591	195.970959	36.768263	90.866655	86.340371	158.411445	90.866655	-1
152.022173	155.886166	38.936254	61.910996	56.046824	103.101733	59.435865	-1
281.474587	307.118174	43.325261	86.274580	128.878527	210.734253	86.274580	-1
108.204726	496.268627	56.631951	71.578305	83.997939	302.652427	61.897997	-1
170.751628	273.070713	20.663151	55.210751	83.945109	242.882227	55.210751	-1
114.122041	463.859620	14.578641	91.805265	76.222121	333.817889	76.655926	-1
171.118673	337.190741	36.196545	51.980052	58.691137	244.868202	51.980052	-1
129.469204	140.572985	9.027991	69.007431	46.045307	118.789355	66.255171	-1
1.193077	414.824696	2.008841	91.125719	17.452597	295.951897	47.967998	-1
335.847672	714.803240	68.721302	55.244209	103.281918	460.348435	55.244209	-1
257.005944	474.454575	57.362200	222.279699	154.417700	370.932506	124.897084	-1
378.479330	611.863967	124.705841	37.081410	122.259157	343.769917	30.721727	-1
98.063865	324.215614	50.058590	110.382423	69.508370	252.737443	110.382423	-1
275.909887	464.802249	31.684270	174.065551	162.566831	307.303925	174.065551	-1
552.336111	604.791314	52.079146	87.259231	132.973404	365.515276	87.259231	-1
312.794801	319.097323	31.538900	157.500726	161.732565	208.487607	157.500726	-1
75.902950	223.666258	11.955855	101.405390	143.420550	206.732579	84.869204	-1
307.726181	270.994812	15.517710	152.474482	142.459126	240.592387	149.427813	-1
119.730662	335.461273	27.746168	113.089397	90.810520	281.095734	113.089397	-1
241.511652	672.131445	75.266241	149.618424	164.444489	513.534840	149.618424	-1
160.901889	133.002509	42.777484	63.562071	33.700937	101.425862	37.706114	-1
179.441814	315.823491	24.140182	70.529726	66.694667	246.595893	70.529726	-1
314.812422	211.217817	9.716496	68.913442	96.911320	157.945920	68.913442	-1
204.215897	390.507225	52.896092	90.745298	98.998963	262.982761	89.762517	-1
303.806939	540.368528	43.447961	185.776590	122.393323	305.904285	150.843122	-1
122.563102	223.017671	42.413030	81.067332	67.815172	137.355942	73.659970	-1
61.949230	130.049172	16.091879	32.498179	34.369953	100.568859	32.498179	-1
58.004516	352.349101	7.663500	35.583988	40.364576	378.644531	40.737142	-1
112.449466	695.281638	79.739081	39.456902	48.002086	414.421762	40.026070	-1
465.624321	587.717334	30.517187	186.692675	168.856135	448.229365	186.692675	-1
400.272277	425.464420	49.037739	58.402720	101.122067	265.511761	58.402720	-1
57.817992	127.310077	16.455975	108.822088	26.402535	106.213219	119.508142	-1
78.784028	362.160006	44.921278	28.552830	37.128502	232.973890	28.552830	-1
490.172637	668.680195	140.182207	94.551158	159.469811	479.927612	86.717816	-1
120.957165	336.844252	12.409917	58.686926	69.472633	237.020105	37.308027	-1
79.941527	271.720933	27.911247	104.928102	127.225471	210.470136	104.827390	-1
62.892095	541.474808	18.534598	171.841960	95.897980	444.311169	171.841960	-1
121.183614	119.843316	32.740771	29.172219	24.380074	74.227387	20.867059	-1
248.638102	245.177355	7.927801	96.696409	90.860721	209.328780	96.696409	-1
165.483206	334.904346	14.204535	59.221990	72.612733	247.763576	50.587617	-1
852.490382	347.054083	75.509290	139.346294	177.921223	264.395533	139.346294	-1
229.090294	322.691526	54.734467	87.111696	89.078545	230.980970	87.111696	-1
180.459891	412.024939	41.577596	59.543621	94.825099	326.858281	59.543621	-1
203.194868	362.543805	26.399886	109.483404	109.881905	259.396556	109.483404	-1
92.723313	368.874383	33.414505	68.352240	68.173112	226.973524	68.352240	-1
140.536325	126.685917	35.693159	26.976872	31.472676	76.988172	21.485599	-1
115.045127	286.870271	32.789899	110.368864	105.843862	206.598781	110.368864	-1
159.836232	342.353569	26.134740	59.925479	80.165120	257.218202	59.925479	-1
495.266599	349.246654	102.445639	166.093348	173.685552	340.323860	166.093348	-1
225.780503	478.001552	39.846165	71.146385	100.945084	322.506647	71.146385	-1
294.891483	558.613537	65.001730	88.006928	99.367603	374.662976	88.006928	-1
212.559340	387.461101	29.028953	61.130225	89.533704	283.921647	61.130225	-1
83.717101	413.956766	49.706514	54.490819	58.467983	287.719847	54.490819	-1
79.415490	165.261193	36.068427	29.106770	27.188485	100.932542	23.185004	-1
344.047797	364.026666	21.802751	136.644413	132.091595	322.701930	136.644413	-1
121.219927	391.654771	51.532881	88.898252	70.080314	284.513581	88.898252	-1
226.333403	496.086075	62.294811	155.919779	209.202520	402.389751	105.322494	-1
281.001463	410.934205	23.845103	78.643722	105.058165	269.146972	78.643722	-1
184.509105	265.632603	37.065332	67.484650	118.249316	154.470345	67.484650	-1
70.019387	197.865062	23.710974	84.202312	36.959422	125.279997	94.509396	-1
230.343074	369.294341	92.083211	126.423609	71.331488	283.924554	79.902808	-1
79.710542	141.471856	27.962740	30.346938	33.401593	85.840036	22.056491	-1
292.233002	252.280219	16.225897	46.146724	55.488056	192.116552	46.146724	-1
248.898460	406.005951	16.516931	59.390512	48.207514	265.212714	41.513475	-1
339.983735	462.954000	33.756665	203.875637	175.682096	425.278062	203.875637	-1
111.279541	300.765056	49.557869	117.708449	81.637872	192.033070	115.174501	-1
121.275697	299.785463	36.518817	57.324091	78.979473	217.453043	57.324091	-1
60.883642	126.250937	17.667580	40.906940	22.708931	92.745680	46.525131	-1
2.937412	209.318660	14.743757	33.040014	20.832497	157.900294	33.040014	-1
69.042276	159.052096	23.380328	51.534379	23.255654	110.787563	39.135466	-1
269.483330	265.718273	8.411734	94.662687	87.650576	216.366470	94.662687	-1
188.043076	355.842708	26.507339	76.401203	76.632413	250.648332	74.667615	-1
91.258639	224.930984	37.628229	32.241553	23.184240	147.627803	24.358238	-1
76.393522	616.012222	61.836026	123.618636	80.669580	410.793800	123.618636	-1
206.698052	489.526142	76.056658	122.035908	75.891701	400.383767	122.035908	-1
122.797468	290.519422	19.205991	44.967021	44.407939	228.324114	44.967021	-1
372.896671	757.776344	51.751793	146.856782	244.084191	586.983882	125.739574	-1
48.297318	159.603662	34.568655	44.752952	25.067123	102.447804	36.518210	-1
270.363695	395.462443	16.244066	63.685444	87.762725	293.935747	63.685444	-1
201.341134	144.498248	21.504740	70.174221	84.728958	126.570807	70.174221	-1
159.661892	327.557970	60.588235	62.980034	69.103015	237.620039	54.428331	-1
311.871792	453.016641	72.504373	81.945421	107.757132	280.560609	81.945421	-1
363.562992	547.008933	29.561882	118.020943	143.983533	425.532279	118.020943	-1
127.535790	270.530116	45.951682	108.236146	59.295445	215.742188	75.703902	-1
24.365729	103.959411	10.221544	55.604986	12.883946	79.204932	42.682390	-1
55.542126	151.362277	24.919501	52.238877	29.087003	91.970092	44.864714	-1
75.270471	117.698882	13.215784	61.715641	62.579722	99.846463	61.715641	-1
210.404067	442.727320	107.909557	111.720996	77.870322	325.705036	80.143177	-1
118.826778	317.568950	47.463439	57.723041	51.266420	250.772180	57.645867	-1
348.782589	233.274806	10.674610	151.793908	99.811024	212.146772	87.533236	-1
222.569485	364.119777	55.833733	104.990782	108.599891	273.257376	94.719097	-1
290.626188	295.078128	14.387152	78.573460	83.150410	168.610326	78.573460	-1
234.887932	572.059008	153.671486	80.130188	68.039339	274.908795	80.130188	-1
31.765356	180.718807	43.674359	8.873338	7.983260	145.511696	13.208210	-1
34.448752	76.983794	8.680369	79.228025	44.196431	69.773532	61.809467	-1
127.151983	376.329075	43.067113	38.429840	58.190756	231.900417	38.429840	-1
223.766024	230.992758	19.533798	79.766599	114.872675	163.784527	79.766599	-1
189.458277	174.508709	13.864358	235.966907	116.003336	207.505809	226.134370	-1
276.934803	286.455539	18.777231	123.857001	95.954845	268.002780	123.857001	-1
191.968225	424.861692	27.557073	65.843103	74.208891	344.106703	65.447266	-1
421.263258	327.234629	35.346638	105.228800	94.007708	258.983060	105.228800	-1
31.238430	198.781362	26.730064	84.517235	17.187776	145.699077	80.468789	-1
111.762565	309.597770	19.380166	132.466875	148.532646	251.795524	132.466875	-1
133.436345	123.121027	25.401014	64.129278	66.023954	103.469645	64.129278	-1
76.501085	338.347619	36.937458	48.361816	56.222561	231.990798	48.361816	-1
42.536033	205.304902	14.436362	36.610612	28.872241	137.473204	28.608359	-1
45.097691	337.448786	36.953952	97.049090	82.117438	266.286657	97.049090	-1
167.710742	449.744830	30.409414	104.364257	114.264507	337.801961	104.364257	-1
122.577299	601.503803	45.112642	69.903530	95.611134	395.194885	69.903530	-1
23.898952	202.761163	23.921777	96.504432	11.862189	138.328173	63.513564	-1
70.287241	286.681587	20.322023	102.210074	107.877330	218.656694	102.210074	-1
166.867059	461.922636	39.154625	65.661082	87.140582	343.434800	61.848390	-1
524.312413	747.545618	136.495692	121.013717	141.779929	563.724519	76.815647	-1
83.558236	304.910946	35.515655	150.353835	71.504544	239.413763	150.353835	-1
304.910784	456.355844	65.963185	120.559301	108.703922	317.088911	95.739826	-1
89.458428	329.959086	25.892286	102.575642	52.894705	262.358646	102.575642	-1
65.184610	175.465958	14.321479	86.738443	21.630072	113.524643	61.817963	-1
23.030399	176.396744	20.444939	60.975070	13.080631	127.699685	55.400211	-1
87.240430	240.399599	29.140059	48.575437	63.183642	170.640109	30.068495	-1
69.302830	264.622168	11.841087	73.239320	67.937028	229.833798	52.002612	-1
164.113096	145.241155	24.120066	64.841545	74.649905	125.557626	64.841545	-1
82.685208	237.027894	23.462068	59.405989	39.268708	201.975442	45.109663	-1
154.373936	331.386792	84.538361	243.156162	65.306352	235.113416	214.887122	-1
41.308737	134.695682	5.527534	122.002684	77.772952	166.385989	107.837381	-1
77.127897	599.603193	61.955932	106.732313	106.178099	453.011588	106.732313	-1
41.951861	175.524686	22.106639	52.198936	19.922010	116.581505	52.539079	-1
246.848045	189.758704	17.198039	80.550864	73.092876	132.875376	74.806117	-1
88.382519	320.069525	46.784023	80.941064	49.601421	198.214573	80.941064	-1
491.733240	949.802495	214.412825	114.406920	180.854735	585.167477	107.686952	-1
32.741264	287.259635	9.279419	40.770315	59.398285	201.182543	36.281798	-1
371.128683	360.462026	23.620450	75.697187	84.457116	268.355536	75.697187	-1
201.035520	333.066493	22.094738	45.716167	81.573296	257.533970	45.716167	-1
799.099001	984.960767	11.399894	162.897751	169.502041	625.846458	162.897751	-1
18.695091	198.443565	33.468136	39.231450	8.138511	154.955862	33.255627	-1
181.270743	290.143686	18.507409	109.947926	154.007322	276.515365	109.947926	-1
160.843930	207.821246	45.660096	76.844985	65.681685	180.180232	76.844985	-1
156.762155	275.234648	10.983724	103.144819	133.024399	358.022921	94.775940	-1
135.445125	379.770994	29.584568	156.888826	127.182660	290.725532	136.286962	-1
202.467520	402.337451	32.540576	143.861307	107.289948	271.773611	119.445639	-1
120.999975	182.090301	12.163875	36.597926	45.955769	157.266455	36.597926	-1
270.645942	719.001889	86.667926	131.603633	136.267836	513.456428	129.983545	-1
17.041620	209.326151	26.137636	19.973939	32.628640	150.462976	19.973939	-1
195.011724	312.584760	21.019549	72.513012	86.956253	219.085637	72.513012	-1
48.184695	46.024089	7.662561	22.072281	19.035411	46.009716	19.678108	-1
378.890904	274.376657	18.390729	128.474049	126.417521	397.342352	106.101488	-1
314.512281	660.434220	66.433192	257.421700	159.092179	463.566926	257.421700	-1
239.437940	457.354655	36.940414	50.999494	67.792566	283.276127	50.091181	-1
176.225240	320.569375	22.543058	60.598727	99.509389	259.686198	52.002349	-1
139.534509	683.303007	33.874027	202.458626	146.353778	553.423122	202.458626	-1
64.866298	185.225750	23.490731	120.243814	33.143070	138.831494	84.320310	-1
216.462876	197.579137	9.631552	93.724591	84.026307	180.345374	93.724591	-1
227.141916	449.855099	47.903788	76.386743	79.275066	344.858548	46.437842	-1
211.592253	1014.375399	136.371009	276.280397	132.066812	777.306754	248.575755	-1
151.763751	475.820620	11.478242	107.764574	128.141066	303.993390	96.540954	-1
149.526945	568.259678	39.934187	165.873062	69.529808	449.114471	165.873062	-1
124.494640	285.366610	19.076459	56.094483	68.887479	223.044877	56.094483	-1
260.959655	781.625392	112.566664	94.346869	120.966603	495.841328	94.346869	-1
40.924339	149.310890	40.909024	96.664557	21.780552	133.146154	77.208890	-1
160.029379	346.846913	17.404723	98.581778	114.434176	256.768065	98.581778	-1
113.837986	101.915925	8.715254	66.539156	61.096101	108.807597	61.887861	-1
891.792651	726.040673	94.550177	225.659367	298.910616	569.179152	225.659367	-1
263.175786	633.261258	76.830743	220.906652	149.683471	352.375101	196.724348	-1
166.479455	429.065776	66.810454	84.781625	52.807995	308.315139	59.240382	-1
30.217504	265.278694	8.607816	58.248785	29.171142	191.972456	58.248785	-1
74.995643	310.829021	18.868448	101.205404	65.280813	260.008827	117.052965	-1
93.348344	124.595386	25.201587	94.448617	31.279831	94.616394	63.690327	-1
99.330189	168.866730	8.680262	41.844229	48.554154	144.475859	41.844229	-1
36.277980	704.468191	39.349256	68.894265	51.276141	435.431369	68.894265	-1
121.906727	486.599771	59.786859	126.807243	74.315784	361.921350	126.807243	-1
235.798608	525.432001	19.261416	202.810748	116.525325	392.042823	202.810748	-1
266.201415	325.980266	19.453303	188.670052	204.694034	233.430689	188.670052	-1
261.403821	440.029620	29.176719	76.395064	114.516383	316.742240	76.395064	-1
162.881299	411.187476	28.293946	114.712092	107.151749	264.520508	114.712092	-1
108.577481	160.129871	37.380400	53.010942	36.863286	94.830616	40.423006	-1
128.726135	41.685281	9.315576	175.312964	56.941193	65.925340	157.557998	-1
69.933555	126.391751	25.405096	23.103004	37.710858	80.384149	23.103004	-1
143.643523	246.594833	21.963077	73.246011	75.332678	272.132630	73.246011	-1
430.318260	475.987939	42.971553	142.369826	146.460479	356.264011	142.369826	-1
132.342653	193.702631	15.846028	130.985465	109.539550	133.942027	130.985465	-1
176.540862	407.216088	25.052422	63.669645	91.947993	297.902794	63.669645	-1
41.205091	688.488490	49.191631	113.417926	36.692263	451.978750	67.873863	-1
92.915325	149.179507	54.948495	36.305962	27.759628	102.677432	27.323030	-1
444.184595	316.271184	40.031935	140.576669	123.135339	288.074688	140.576669	-1
160.835665	558.981128	23.689771	97.322477	95.567986	365.433669	97.322477	-1
461.957434	654.534625	20.779553	135.011859	206.465605	500.515114	108.910250	-1
437.300577	430.304811	15.193713	118.991956	141.024937	295.353096	118.991956	-1
681.930569	350.265595	59.848168	116.596920	114.292872	237.067903	116.596920	-1
99.281819	318.124028	11.691039	176.957285	140.147850	254.691180	176.957285	-1
188.750264	532.877119	54.453362	128.092547	58.363229	372.639453	92.785572	-1
76.698617	149.985770	23.380440	82.873144	18.912447	104.991634	48.013756	-1
282.074158	264.019543	13.447786	124.545961	117.854239	264.839985	124.545961	-1
262.905423	233.005314	79.361220	70.961833	107.240359	195.440868	64.394414	-1
187.334779	433.811693	68.123034	93.796657	114.529045	384.603978	93.796657	-1
51.342456	296.711218	15.022751	66.189858	46.607511	201.700803	66.189858	-1
251.476350	258.850877	22.180699	100.099736	91.063292	141.263815	100.099736	-1
159.785713	334.286648	20.285923	62.199286	85.985684	281.644282	62.199286	-1
82.888324	374.786098	38.877780	89.269215	58.807424	281.971115	89.269215	-1
169.460665	145.680721	30.261858	32.538143	42.352480	80.924099	33.518664	-1
348.718074	252.515818	18.622349	184.986526	137.942106	220.431905	184.986526	-1
66.673644	214.250948	18.411214	36.056024	47.155617	149.292647	28.078251	-1
651.588807	736.691354	122.189765	109.387926	167.740861	529.947641	70.971313	-1
66.128999	197.014720	19.029373	57.116332	58.288400	165.795064	58.530758	-1
64.914682	345.960294	136.931011	82.529264	42.375919	284.017664	82.529264	-1
110.665811	356.161738	13.030125	66.364489	82.533775	300.353714	66.364489	-1
103.102444	308.208438	14.920404	124.762052	71.189037	240.756751	96.231417	-1
125.198869	130.056685	30.049264	60.340419	59.422413	105.958395	55.242910	-1
144.702325	311.973969	20.278374	101.003633	131.073448	241.085508	101.003633	-1
56.915051	349.771647	31.686832	90.547601	92.444531	258.213990	90.547601	-1
231.890090	538.098174	94.414910	54.929840	82.445774	343.620317	36.099786	-1
208.928133	429.690540	20.252147	185.296264	136.049514	292.808340	140.583403	-1
131.140798	302.213479	49.895732	154.914662	131.087541	193.241810	154.914662	-1
215.558145	502.128845	14.748118	94.298671	105.326413	407.163172	94.298671	-1
142.775067	621.804552	61.498828	221.558673	57.832518	449.494393	116.778717	-1
302.994918	157.236144	37.841817	19.993806	61.315219	73.735699	15.199872	-1
205.172773	387.936161	8.142171	187.647462	138.148210	298.883127	157.932312	-1
175.029465	247.630753	20.547113	60.099882	35.235337	152.103601	44.218550	-1
113.261581	300.621718	27.922827	61.740782	53.395641	224.256800	61.740782	-1
135.195315	236.142153	22.463902	112.117283	75.374078	168.660644	112.117283	-1
228.313423	403.356331	29.784875	110.000114	97.056416	295.757792	110.000114	-1
144.340062	360.581125	27.962117	55.105486	75.018008	266.011645	55.105486	-1
109.492429	1024.297528	155.750460	232.798189	146.270861	759.866518	232.798189	-1
270.748880	134.103840	38.072069	41.138152	51.191678	81.409913	39.389089	-1
349.410505	299.996555	60.070159	136.938256	153.746311	231.275887	136.938256	-1
121.486378	291.578314	14.145460	249.327073	108.603854	249.179648	269.136868	-1
583.454968	820.088685	117.848574	121.862042	194.313412	593.915572	90.541387	-1
62.922320	299.500127	14.036326	103.495582	135.215338	313.767285	84.098237	-1
265.425834	351.702889	73.167046	118.426150	110.207781	300.196389	118.426150	-1
126.810405	309.773536	27.256162	70.399962	81.463456	243.010456	70.399962	-1
74.617765	319.313578	36.363399	61.470329	45.163596	223.776860	61.470329	-1
86.265663	154.858936	48.818685	38.896721	25.929415	99.147296	35.352003	-1
205.806250	210.251009	7.640025	211.969310	135.665427	220.342800	211.969310	-1
208.590073	318.466791	58.528461	33.936925	71.451884	210.300386	33.936925	-1
407.402334	283.994184	46.289310	110.739761	144.961434	249.606867	109.613259	-1
60.636357	455.433920	10.432850	45.519322	25.772729	287.398580	45.519322	-1
60.085520	390.537699	45.489941	116.238786	114.104637	303.330424	116.238786	-1
61.712131	319.387332	9.998877	49.471713	56.683754	241.857550	49.471713	-1
72.932640	594.316736	14.886853	116.315683	65.148952	413.382186	116.315683	-1
74.530141	130.061211	45.179921	47.476200	29.448182	85.316459	37.043301	-1
123.908555	171.933308	12.505591	59.541537	54.605567	117.100101	59.541537	-1
184.200629	418.856688	37.250775	96.728545	79.361275	303.869219	96.728545	-1
321.669318	496.003797	75.169524	93.582764	100.760026	386.320811	53.536501	-1
92.238910	159.933296	13.033128	54.049292	43.292262	113.683419	57.270039	-1
101.345103	447.174005	47.403770	94.068867	75.121038	334.903040	94.068867	-1
81.012480	181.625916	18.522042	47.727930	58.098260	135.014839	42.289362	-1
25.520382	361.183491	31.067118	109.284820	58.070803	249.221668	71.956903	-1
185.868341	356.322719	16.617013	199.584599	207.305548	328.746971	181.913909	-1
117.196486	165.825075	6.729094	47.971366	64.709912	114.242657	47.971366	-1
63.176932	254.110716	55.362617	17.951513	23.781485	252.022989	15.154958	-1
33.966205	312.513846	37.874133	79.026514	66.934922	236.461772	79.026514	-1
36.780175	137.826871	9.949890	43.741204	41.683837	99.409912	30.393354	-1
33.357983	141.013522	38.261054	36.814537	32.359966	98.128203	45.716247	-1
205.708294	356.510979	29.471767	241.860274	216.057519	310.100648	241.860274	-1
133.798947	349.215269	33.682845	132.502828	95.835013	263.991579	132.502828	-1
163.644951	369.321694	17.660043	91.112815	55.933399	266.167176	91.112815	-1
213.435707	370.730191	27.651188	100.188379	83.558119	306.131292	100.188379	-1
78.024971	194.613530	8.426429	62.025444	29.130953	133.817598	46.128014	-1
201.424169	83.331246	40.942415	80.754211	55.073622	69.297771	42.433936	-1
60.572163	97.935840	2.570453	44.759190	28.672891	87.983313	32.281050	-1
35.486177	255.528203	16.210281	49.517220	43.374812	187.979056	49.517220	-1
51.106957	133.513632	7.245600	30.152612	29.851068	89.130472	30.152612	-1
145.651936	277.520764	27.212950	137.350662	38.819231	136.748823	100.947556	-1
58.046048	113.705409	10.018003	61.151809	26.452574	75.639692	70.096237	-1
187.419576	114.432161	45.630593	78.306303	32.370926	93.577820	78.204473	-1
193.812612	263.690293	11.835435	73.160278	70.515645	299.199712	73.160278	-1
42.338852	743.882983	85.501992	122.912458	36.677420	437.997415	60.031710	-1
170.111411	349.558526	16.694547	136.370014	165.119192	293.666268	136.370014	-1
229.875114	497.031199	40.229980	79.626824	79.787299	368.878426	79.626824	-1
313.262494	371.750209	35.949922	84.968355	106.881226	264.477145	84.968355	-1
47.052323	144.339795	58.897359	73.277845	44.150255	96.028821	71.762237	-1
198.950705	262.671936	21.268516	76.913525	92.062676	211.381766	65.811398	-1
81.637754	354.061259	38.495244	24.836351	32.659410	227.412951	20.203168	-1
92.065691	148.556449	9.627820	118.231672	90.522281	144.319697	110.962512	-1
16.210139	268.794584	10.710385	97.237159	53.765933	218.748364	97.237159	-1
194.644151	301.727649	26.764003	45.565379	87.991145	237.436833	45.565379	-1
69.123166	158.296424	27.034849	22.134334	24.491523	113.786639	20.304792	-1
211.726191	378.664071	18.234561	155.264353	98.911345	260.127489	108.272857	-1
67.703937	125.267070	5.770443	53.866907	20.531670	112.849879	57.727088	-1
113.923485	379.172631	34.633940	190.173507	155.265083	292.268477	180.860221	-1
607.740528	177.403305	17.450034	41.740612	76.136951	125.643676	41.740612	-1
78.490532	208.693438	19.165583	64.716814	57.032634	167.254271	64.716814	-1
117.144415	134.167104	35.293952	50.875636	39.124764	110.371259	28.957170	-1
57.810547	297.530260	37.362252	100.325339	100.465368	245.013480	72.746163	-1
274.573540	344.404286	18.207857	46.758422	71.838128	254.532372	46.758422	-1
226.179567	538.684268	21.433279	191.679594	104.848582	356.426964	191.679594	-1
249.971480	499.212123	46.528365	103.273694	98.564741	322.577996	103.273694	-1
166.925972	183.220978	41.650929	120.906665	46.822850	133.811037	86.875107	-1
46.151817	60.127890	5.295463	54.572164	15.579865	51.846037	45.036094	-1
28.122929	155.468912	9.607249	51.261614	47.136493	129.697340	51.261614	-1
151.703080	432.937965	13.338998	167.183489	188.837451	401.647459	167.183489	-1
112.085661	445.631971	75.352383	39.144241	33.094950	314.366605	31.893561	-1
292.654253	141.590411	31.442055	45.405544	41.903872	96.058971	27.916909	-1
116.074276	178.851768	15.015195	103.974498	82.514152	175.273554	103.974498	-1
25.008883	100.502240	3.418205	12.007084	11.703928	62.989724	7.697989	-1
284.561575	395.076394	30.989876	136.658105	146.813192	339.715702	136.658105	-1
131.618954	511.695027	93.718788	139.428841	68.855524	357.777395	139.428841	-1
98.427646	192.931846	35.406781	37.247933	45.114326	128.585992	31.432986	-1
66.562702	203.738163	12.048938	96.451305	73.429611	147.623455	92.570515	-1
221.091121	625.416554	23.875339	119.212087	116.982960	453.212755	119.212087	-1
284.349648	472.092869	35.568551	101.024734	138.193924	335.647404	101.024734	-1
65.184586	155.444004	13.120414	49.131776	20.889439	104.613918	43.945974	-1
113.734396	192.553537	29.724544	30.392676	31.480516	113.885827	25.470707	-1
32.939870	44.920773	5.910003	24.045563	22.663207	38.090024	21.668627	-1
158.540669	400.606054	32.042191	51.103660	60.441757	293.696530	35.223354	-1
391.542501	266.035241	34.541054	114.116695	142.429886	156.859933	114.116695	-1
334.588792	360.252902	92.878120	122.091549	183.086246	334.835778	122.091549	-1
112.038287	161.488674	35.592857	98.814037	53.319427	90.338982	60.842027	-1
157.586342	218.034279	23.236303	118.241382	126.377326	197.594245	118.241382	-1
70.526613	357.028080	39.409137	61.676858	41.993842	245.644197	41.001458	-1
273.576297	563.509553	30.370202	119.778730	111.124090	381.931025	119.778730	-1
83.910244	561.557238	52.195001	93.435391	48.745652	398.709443	93.435391	-1
76.128039	200.077481	46.643062	29.002406	42.477426	110.937409	26.808650	-1
66.510823	451.687237	19.556873	40.391670	56.678483	317.951125	40.391670	-1
239.224173	216.817200	45.170200	61.264393	84.508026	116.091867	61.264393	-1
165.078892	417.682647	53.448836	96.057351	67.855426	256.231667	96.057351	-1
162.704551	158.758409	28.377260	44.978707	37.452662	98.379527	50.006991	-1
80.017847	284.009847	28.673920	125.901061	89.045006	212.041785	83.527203	-1
631.337305	575.179069	30.960955	169.070365	229.854620	430.585457	169.070365	-1
251.929753	335.050770	35.184356	202.423739	72.104429	293.733414	95.446108	-1
127.331913	199.260101	37.945735	23.103460	35.295352	108.852107	24.170448	-1
142.495035	590.881900	16.661625	45.310147	60.488344	369.168717	45.310147	-1
314.142887	317.420444	26.822453	174.601850	112.337816	302.450748	132.867362	-1
107.388382	344.900308	29.302291	32.169828	34.866811	264.388473	32.169828	-1
130.647517	216.433421	39.191319	19.297598	47.515905	119.680517	20.296575	-1
16.067939	542.444939	38.434861	129.956651	60.015307	357.963164	129.956651	-1
134.314672	82.147019	10.021319	48.179424	32.647718	86.300011	43.648025	-1
138.348543	375.985938	80.069995	256.049960	147.045967	300.586992	241.340830	-1
110.379826	206.870602	44.275256	59.698680	53.997361	109.261237	59.352110	-1
275.093160	220.174707	20.204720	79.624979	71.513477	157.972963	79.624979	-1
28.582779	210.570815	4.961842	55.348201	62.125256	153.832551	36.589623	-1
110.464219	507.673379	76.958272	64.901292	30.608927	340.038865	64.901292	-1
140.388483	213.272619	45.010672	49.011269	78.570422	119.718756	45.956708	-1
101.128541	265.928903	15.931527	61.476571	51.965709	217.706180	46.854007	-1
101.871700	385.781368	16.935060	49.851910	48.105094	278.679163	39.019830	-1
352.726988	221.969852	39.851073	64.121591	72.674367	133.327130	64.121591	-1
107.286152	169.654111	44.891970	65.361573	59.242878	117.736423	66.067806	-1
116.438656	491.229218	34.257636	109.668870	90.834349	302.778656	91.367681	-1
86.776511	591.526111	23.577465	77.576227	37.859786	373.790721	77.576227	-1
447.598959	318.178928	14.201696	68.925502	84.560901	185.679942	68.925502	-1
170.985643	193.065141	48.151030	31.344539	44.902696	111.985949	23.919877	-1
241.614407	481.589442	15.077834	107.944327	134.187148	399.686421	107.944327	-1
194.715952	275.153669	36.310649	63.004842	82.930413	164.763853	57.800624	-1
653.480359	355.797155	30.386450	78.162623	108.977341	221.674761	58.462211	-1
84.766778	141.595997	24.387720	29.594970	23.955436	96.286360	23.011415	-1
144.861891	504.066894	70.810682	101.944265	73.640312	323.879555	87.383504	-1
132.849139	302.275252	26.474291	55.229409	49.593258	206.582989	55.229409	-1
345.249870	418.761734	76.592873	173.644132	142.344024	329.129664	173.644132	-1
144.488079	186.030566	48.970796	21.429497	52.357414	100.887356	20.127797	-1
119.361271	438.824314	26.886013	141.718073	100.090790	307.292473	97.700648	-1
43.200960	338.864708	29.606586	135.052928	68.166654	219.693615	100.631275	-1
43.057804	272.852028	28.678327	101.108379	44.793033	241.756953	80.172224	-1
111.116962	157.239985	43.206224	66.007027	44.452824	115.533165	36.685978	-1
76.477119	263.574187	9.983353	51.666318	60.445733	180.537274	35.058841	-1
360.030407	257.582498	24.270864	74.402679	88.522224	174.487630	74.402679	-1
124.811913	349.031924	29.999030	101.695892	88.398734	230.689270	101.695892	-1
159.546360	106.853461	41.107176	34.993356	46.357644	73.823441	35.459691	-1
150.990970	512.341739	63.153312	83.659566	104.308891	340.939735	82.184377	-1
48.716225	240.187963	18.797181	98.911135	88.287792	223.291576	79.016738	-1
408.986714	535.517410	48.940958	123.938544	132.712062	371.999032	123.938544	-1
129.497568	188.028926	27.294222	55.064147	52.998942	107.011991	37.452696	-1
184.313626	468.653946	45.762229	101.728691	108.043078	350.820264	97.582467	-1
60.260406	231.142238	43.630824	115.507293	109.839770	197.795714	115.507293	-1
323.556338	628.520057	23.252814	221.317785	105.150511	374.271838	157.510625	-1
50.829413	168.856131	15.441353	56.218531	32.988199	100.859110	51.859259	-1
15.641867	304.473294	12.822713	54.458456	36.265065	234.248772	44.812162	-1
56.931831	169.652167	24.572928	86.275044	75.065707	138.712286	69.139882	-1
193.056671	423.721005	22.383833	98.821059	74.422558	277.926316	98.821059	-1
67.750640	134.684275	18.173778	41.053165	35.318355	84.852537	28.958571	-1
55.137458	220.785933	5.648133	55.405152	37.660936	169.128412	51.378952	-1
136.396463	416.663513	65.987654	183.286255	120.817523	299.985477	183.286255	-1
24.722482	381.251486	42.661420	80.421158	38.486866	283.999155	80.421158	-1
22.040161	159.332938	25.061990	56.825765	17.328373	131.156096	55.543235	-1
50.411404	516.955594	37.553159	56.623348	36.010567	341.760915	26.653419	-1
36.313706	328.961792	8.887603	59.721486	31.567505	228.009723	47.475146	-1
144.135859	436.721747	67.062793	170.550569	80.478212	193.773861	91.741454	-1
70.597622	123.878109	16.067235	109.061616	23.995270	120.746165	92.257901	-1
100.079349	379.571618	17.152691	53.666185	49.434430	252.483295	53.666185	-1
216.568869	569.895198	26.065122	98.443687	89.733779	330.273332	98.443687	-1
183.394013	537.519010	64.262734	126.470316	100.054013	372.609980	126.470316	-1
59.174289	149.361675	19.316775	33.400318	35.277517	110.549315	35.889921	-1
87.912185	511.547017	31.428178	19.530851	24.695122	318.475902	19.530851	-1
123.834728	432.770293	7.340727	233.160573	143.694736	414.706624	235.959846	-1
157.965167	220.519142	26.575444	58.320176	58.211975	179.465253	54.075747	-1
21.110899	171.593166	14.025897	29.642283	28.216636	122.235587	26.776836	-1
148.585623	414.166798	28.714694	70.612275	93.618854	273.293148	70.612275	-1
164.994744	307.445031	19.682914	69.385391	108.178088	234.122258	69.385391	-1
209.300792	331.522806	40.681385	81.624481	83.058824	257.691607	81.624481	-1
31.603820	142.777477	12.776968	102.273484	44.674080	121.161702	103.659085	-1
150.507640	326.081169	28.528009	83.199631	116.174041	276.952331	50.102275	-1
294.265224	536.754297	17.998493	42.545765	56.015152	309.699253	38.078624	-1
329.373067	302.240633	36.821251	105.794765	106.599807	185.442973	105.794765	-1
156.889631	97.554011	32.231140	34.109356	34.763012	73.027600	28.566623	-1
19.704501	62.614572	9.282497	21.574966	10.144334	52.878159	21.937120	-1
426.585440	384.203939	48.098286	134.579044	140.981600	230.354773	134.579044	-1
156.433938	279.800800	82.978603	59.361783	60.104887	246.065122	48.222168	-1
113.989698	128.899702	30.304173	88.232642	44.467143	112.694511	74.422814	-1
94.169624	208.013941	20.868568	80.977897	54.668936	150.465122	71.621702	-1
108.175138	261.345473	8.337916	94.549864	76.896494	185.844731	54.227933	-1
591.466003	370.455768	187.677181	115.082288	132.115131	267.039910	115.082288	-1
78.945202	106.934600	14.155521	48.883355	33.212585	78.641632	46.590250	-1
39.148604	329.049489	10.532764	49.224369	37.707798	244.389622	49.224369	-1
115.676321	214.442299	13.981580	97.700649	50.982088	189.290304	49.414806	-1
225.159893	443.066828	44.812101	58.681075	92.763705	321.381706	58.681075	-1
97.509663	134.656862	47.162085	37.376118	38.192672	88.152739	26.511498	-1
202.729341	336.869665	35.201833	78.503348	97.232118	271.287682	53.691590	-1
137.894901	347.692997	16.261103	313.366328	111.734475	319.153653	210.125838	-1
189.086288	545.090912	34.043488	83.186871	111.477852	404.857740	83.186871	-1
180.770429	126.144050	34.541760	39.904632	47.723610	81.511889	33.718973	-1
215.835518	439.055908	63.535902	144.599315	130.680789	307.459922	144.599315	-1
25.901306	250.190124	19.480864	38.166173	37.841888	203.945838	18.412684	-1
173.019251	235.090297	69.457194	82.943574	59.410736	203.334283	82.943574	-1
156.475079	112.038538	39.366404	92.253710	35.217423	82.558242	82.855164	-1
64.201426	229.214640	36.482321	50.434596	60.138953	141.349139	45.137817	-1
278.596262	265.584121	11.317830	45.825738	82.471415	197.885962	45.825738	-1
74.971641	322.778173	52.628255	108.342558	90.132117	242.384579	98.813449	-1
106.316326	120.733445	40.686861	128.055858	28.048394	102.682439	83.673822	-1
152.746003	456.147661	31.541103	73.302159	83.073880	310.447824	70.435806	-1
683.154027	909.176385	97.771779	184.875728	240.877178	572.148185	184.875728	-1
89.738305	107.376228	19.423664	50.969399	45.338539	94.055822	40.130538	-1
96.899811	520.047615	25.000445	41.817939	49.294265	349.492579	38.854837	-1
104.620954	175.722688	15.588995	85.985740	28.657832	122.438349	90.609992	-1
217.461094	66.753587	22.877937	46.430389	44.439416	48.236705	42.690813	-1
256.588759	284.900047	63.945330	136.105803	112.198188	281.281412	119.055695	-1
231.977394	366.342566	14.671397	152.270056	137.505239	326.717222	152.270056	-1
118.961187	120.293462	40.672506	135.148093	21.811187	107.418931	89.135216	-1
251.250289	422.386331	43.979860	106.000985	94.056344	273.938005	87.801599	-1
470.487765	584.168579	19.548575	205.958060	137.965528	406.034373	205.958060	-1
77.721049	155.272980	37.132591	30.571772	26.219418	93.715611	24.525995	-1
75.543600	427.368282	39.387061	115.525563	101.082275	303.420219	115.525563	-1
137.483274	437.782775	31.455770	140.708660	97.720068	324.470132	64.385090	-1
93.998968	176.372222	36.110025	109.453963	62.925944	100.145890	97.629073	-1
293.497407	532.415554	68.725499	176.448993	153.138877	305.803267	176.448993	-1
165.833863	179.651914	33.137661	79.665703	45.309498	106.918384	76.051974	-1
230.044569	329.810949	31.564100	137.569535	131.683362	257.917927	137.569535	-1
131.030988	147.889745	30.023511	35.503380	41.898921	100.965532	29.006673	-1
300.051131	265.123523	36.514658	101.775219	136.839538	192.159673	83.422934	-1
66.437007	143.900415	26.487126	38.372162	25.843102	99.392758	40.797320	-1
187.159570	394.087329	11.967074	103.972656	75.268794	289.668401	103.972656	-1
104.413989	150.325635	44.954153	25.617453	39.196978	88.523629	26.291201	-1
121.240806	241.766543	22.456686	208.010341	215.634898	247.762002	208.010341	-1
85.110841	142.844833	34.931956	29.652170	27.822507	94.854430	26.075932	-1
87.005928	123.953081	39.611372	53.066350	41.095479	87.273458	52.331165	-1
220.820364	116.797033	42.025369	34.255110	38.773960	74.421715	37.481458	-1
137.853699	133.810247	27.451178	28.856163	25.180710	85.259680	26.032450	-1
48.595989	189.873946	21.875501	48.142079	18.457172	128.805409	39.940042	-1
