123.116425	385.732430	15.663367	83.257044	133.594902	225.483865	72.458472	-1
81.633208	87.105640	6.440387	60.912818	54.546835	59.941310	30.585747	-1
65.286779	187.516982	9.162106	144.147791	118.754901	130.619186	49.288753	-1
175.918232	399.746178	22.344570	153.611891	170.637697	262.013145	48.301830	-1
203.349621	242.609246	7.807794	207.957746	145.104273	249.217325	83.550308	-1
118.474366	178.700055	13.511734	80.961154	86.669261	163.816723	26.181288	-1
47.511710	154.665549	8.582692	41.794720	45.649823	104.942282	21.104646	-1
128.022674	253.293101	6.177481	136.979540	106.636152	249.581291	54.219002	-1
28.936448	189.207175	6.424699	92.996830	76.436341	142.388811	37.465646	-1
161.033433	404.342242	0.210755	352.025782	230.170239	270.933264	112.627628	-1
206.379031	226.180604	29.642795	139.967584	169.523640	126.498652	52.547749	-1
101.729703	276.750430	17.436101	188.778499	128.654224	188.052683	72.772017	-1
106.851516	210.158995	7.974086	82.188910	92.134749	119.443618	27.344493	-1
58.215522	173.246087	21.234459	151.396055	132.140711	126.776783	47.037415	-1
63.277622	291.220220	7.345154	62.213865	41.569501	199.805762	17.534653	-1
31.491235	128.262667	18.197218	142.299029	31.930988	119.823448	26.506402	-1
117.380334	248.967634	0.119510	111.107852	85.143007	156.098829	36.117080	-1
49.343667	167.448660	41.195310	87.514259	58.264750	134.380184	61.319361	-1
67.928744	149.907473	4.680615	50.634726	51.722545	92.667523	30.964188	-1
114.600596	237.779815	17.679008	124.085763	88.203328	155.148701	29.037973	-1
58.609201	140.177278	7.296635	118.008549	118.368314	88.097832	57.879648	-1
25.211638	209.304777	13.400158	127.791472	86.990000	138.746213	54.651918	-1
29.334603	58.720627	3.670393	24.183105	40.578903	50.479673	10.612127	-1
36.061129	178.940385	15.569831	30.164659	34.641624	89.542919	12.955469	-1
42.043128	145.570990	7.047724	58.203801	49.551518	76.331305	27.557128	-1
65.213725	192.005936	3.416421	110.278482	119.593452	143.165019	40.364208	-1
63.609474	80.322007	5.757339	39.276364	20.555945	59.521172	17.567840	-1
83.510345	166.561942	7.848069	35.370877	98.026948	112.403773	20.184057	-1
85.975367	273.527989	4.854264	46.784336	47.492985	172.866786	36.983325	-1
213.773787	501.264593	88.108863	146.737483	118.759928	309.328491	74.185066	-1
28.548222	90.288690	6.442893	26.891747	23.003167	54.417060	7.150039	-1
36.150751	146.088011	9.463090	64.308281	13.581274	86.878404	24.986168	-1
101.077133	355.879594	17.145243	112.572227	141.468540	222.692143	46.458565	-1
168.670338	249.485183	12.715725	110.266786	128.305076	171.466565	65.986376	-1
109.141386	260.449487	29.228432	57.076668	53.016627	141.872519	27.706669	-1
36.850515	123.551360	8.303570	128.032805	120.964807	65.276912	45.739872	-1
5.649418	95.715547	2.856542	13.413858	8.959757	69.185246	6.503189	-1
105.990742	197.085385	16.836722	90.869134	152.032331	162.025930	65.759056	-1
31.935072	82.775310	10.728794	57.651380	43.694175	66.332708	21.263964	-1
59.518591	196.610426	1.764330	49.490988	45.186389	65.807811	13.724626	-1
39.614104	87.184137	4.558949	73.831910	45.945114	55.470284	16.646146	-1
20.885890	168.348601	6.918535	72.481947	68.401841	69.481029	31.696742	-1
241.929410	406.145262	13.520102	132.725618	151.500297	337.380242	75.295086	-1
93.786085	324.734900	0.458878	101.893219	156.936590	197.886426	39.567931	-1
91.770211	292.064583	8.914947	164.114784	166.667017	236.315080	64.424230	-1
138.969694	298.128676	19.149042	245.840529	204.793780	191.457783	87.695785	-1
136.915953	264.925057	-0.000279	39.709336	78.775505	163.067966	61.006980	-1
246.481277	381.497409	23.968463	315.242446	221.474463	269.529351	69.355277	-1
129.469906	198.564406	19.701828	165.989997	61.379834	182.917070	46.832630	-1
49.312974	195.956042	4.007090	110.993632	86.073950	119.815308	64.049915	-1
122.611684	341.540357	6.714899	176.126214	66.104431	210.722770	68.375119	-1
62.398538	150.490604	12.717581	61.921354	85.568236	114.748050	39.648988	-1
18.968829	176.755546	9.734075	54.483731	54.974084	101.083260	22.494031	-1
228.056129	365.869844	26.085289	121.038943	99.999785	244.381490	39.973530	-1
153.670185	259.989894	13.517394	133.785675	198.179052	229.875974	69.439679	-1
117.421915	183.589793	15.322772	160.196160	107.915108	151.431542	55.178573	-1
18.867441	120.143953	4.733288	66.534569	62.456705	95.036565	29.063503	-1
99.221883	185.339512	8.843899	45.709247	36.397004	121.612653	21.987242	-1
39.422342	101.943298	3.435428	44.729939	35.250534	49.276271	7.135464	-1
5.723105	131.092109	5.929740	67.977164	72.974673	92.289354	23.667065	-1
31.884925	78.726326	5.555973	26.785963	41.420495	52.901119	17.611203	-1
49.672135	194.992889	32.607711	85.465618	40.615085	118.430879	38.597206	-1
69.454399	166.785048	0.241609	53.804759	31.151187	94.086244	24.188071	-1
20.780133	170.666003	1.759260	25.386433	54.816141	115.065630	17.832904	-1
284.066888	508.890059	60.716119	294.039323	206.048549	388.822809	116.227715	-1
37.224565	146.150190	4.947498	47.374061	76.712194	102.520055	26.561098	-1
210.679877	254.871965	0.000000	118.464475	95.251864	157.393144	42.624458	-1
97.675081	315.641447	12.297689	164.752461	146.872616	138.319623	62.428991	-1
94.586361	126.453265	2.953371	78.496576	40.691756	95.549380	44.079630	-1
101.875847	246.837609	15.800591	75.481235	101.215211	179.004305	42.558583	-1
41.392683	156.669340	4.151350	132.819279	89.871741	112.047764	41.707337	-1
35.529058	131.765978	8.714080	100.814386	70.386196	101.317845	55.632473	-1
58.901357	207.529325	15.310183	139.814181	119.604845	142.939350	49.015696	-1
89.686805	194.896493	7.952542	103.765436	142.332316	156.517273	68.709777	-1
173.333312	262.407108	11.751794	58.445203	39.394434	65.934899	17.636915	-1
94.704700	224.311628	11.170431	151.084353	85.299634	165.550201	52.236782	-1
88.939098	322.609624	7.547410	80.943455	41.614386	175.045236	27.507391	-1
376.384908	466.739148	22.244133	160.968828	90.248034	309.627988	89.291161	-1
75.433207	274.644441	4.429996	125.111399	115.695557	188.169627	63.825128	-1
76.519517	199.546340	10.176940	78.292391	66.507302	147.188479	63.022285	-1
163.056114	218.272823	3.857678	157.410615	174.746837	189.391458	67.067701	-1
58.620885	193.502688	3.595477	86.707649	48.427988	91.301614	26.642335	-1
227.783240	288.155077	18.104867	149.049827	125.640158	197.370166	40.063757	-1
46.927116	220.474703	7.645740	94.820240	80.287749	106.166951	50.299529	-1
37.825834	188.992195	9.008846	84.192278	74.266711	92.423913	48.419823	-1
90.475607	226.884264	17.758094	154.764457	101.618303	199.112225	69.627698	-1
147.841946	199.091981	17.226451	57.907071	116.999366	152.127738	92.887955	-1
101.561352	288.778128	13.752783	199.978194	125.078200	183.597535	61.466214	-1
279.383084	373.239467	50.014530	143.319297	141.019928	263.934015	39.309195	-1
92.763948	155.242668	12.372273	75.041248	79.823290	135.957205	42.020216	-1
49.905275	174.366077	5.260937	86.338747	78.975435	119.915340	45.916431	-1
27.409866	148.434890	6.242285	23.507508	44.588471	92.877831	24.914785	-1
75.957875	180.383742	5.743231	144.104505	111.703815	136.556501	67.966104	-1
24.913866	62.093436	4.502230	15.701018	17.977888	51.855618	5.694000	-1
36.134864	80.907672	7.494437	60.195563	28.319687	47.631258	17.014500	-1
54.256349	209.999140	19.464414	74.842111	79.140148	189.236278	61.495165	-1
7.117016	134.795910	4.772278	70.676815	93.156909	107.458574	31.624827	-1
156.797302	395.715143	21.652229	155.093782	127.049884	265.397057	54.485468	-1
20.444431	164.818244	0.371737	34.292128	9.527695	97.727114	22.651228	-1
41.915388	171.982488	5.745797	58.050866	78.361207	90.562968	36.302152	-1
207.013225	320.571332	23.445258	152.033765	141.868240	237.132050	62.734883	-1
119.526845	293.521613	-0.311513	76.063859	118.337458	201.521718	21.969556	-1
35.789959	247.020114	8.075320	115.501902	66.028505	168.944483	40.196601	-1
255.667814	352.905273	23.677240	283.947725	196.129134	234.787716	98.885065	-1
56.449697	123.927858	6.754168	111.449127	47.167330	94.716606	26.832832	-1
154.318553	245.460349	11.909573	148.181762	117.430720	94.181124	41.799762	-1
99.411275	138.167653	4.630295	96.909797	99.519940	149.810885	41.974124	-1
36.362278	172.608045	4.345240	45.875794	40.571497	129.243425	36.357686	-1
130.480471	351.713621	18.541755	257.125035	252.167491	235.566474	99.881523	-1
144.901698	145.261258	2.867570	78.351197	48.361387	75.640492	18.209719	-1
144.758277	224.282596	5.123382	139.629649	66.582919	175.667899	32.345504	-1
73.705393	126.342892	6.731407	106.520655	61.776221	106.925339	37.491054	-1
137.350739	227.731325	15.645931	56.977541	43.759548	132.056278	23.353692	-1
192.122107	302.579783	43.202121	140.161452	95.951823	218.032101	45.895218	-1
47.588824	233.866294	3.237854	49.034169	51.852153	150.344739	32.203655	-1
167.180948	234.273696	20.799630	156.207540	56.894516	139.326950	51.091007	-1
226.358452	276.107029	9.779326	244.189909	130.034504	178.947914	71.999094	-1
65.123167	147.079360	18.590683	172.474989	75.321504	101.343840	52.710240	-1
83.814581	194.429467	13.603505	62.759000	59.428770	139.977666	29.274434	-1
93.338337	218.662932	19.594940	79.085357	78.296224	143.890856	30.235577	-1
41.513592	217.387267	7.250046	152.117098	61.919895	141.942319	42.962937	-1
125.251186	259.767542	17.570304	187.994213	152.054921	173.299622	54.237437	-1
29.712400	119.101357	5.544501	41.519462	46.558168	85.069586	21.305022	-1
16.013576	99.687126	4.105830	34.269120	13.380473	81.103428	13.790382	-1
103.828856	295.000400	7.351782	158.419470	108.763241	193.261285	42.419129	-1
55.404666	201.208193	14.601957	217.458074	101.469698	171.754969	118.901400	-1
52.547851	120.210315	5.600158	95.881054	35.424933	71.272486	42.991015	-1
36.683533	150.000668	0.000000	91.036883	56.710732	100.001210	16.569534	-1
146.181676	166.237218	4.639015	245.596675	131.124330	151.232789	72.302454	-1
90.330491	206.637329	5.206296	125.353418	141.257803	134.832039	48.841122	-1
75.593936	104.465804	2.376835	31.024228	46.731314	72.462781	7.286373	-1
134.683037	265.839620	7.052616	144.523798	162.271515	198.318988	40.388369	-1
39.844157	117.419570	1.481544	53.707183	19.607301	76.728217	36.649447	-1
119.881787	297.833016	61.451728	171.092845	139.593931	161.645932	77.206227	-1
35.162280	131.792095	8.762777	72.481300	58.981230	90.703985	20.837143	-1
132.009186	190.343187	17.532950	131.151711	156.044966	122.784604	51.031451	-1
50.270185	148.424634	0.891750	53.593869	20.721539	56.037246	11.031075	-1
102.418305	338.018266	43.486367	157.596961	119.008572	248.082545	91.898631	-1
86.822438	146.271096	13.069115	98.956307	67.555687	82.633737	43.403365	-1
20.964960	87.978410	2.893202	27.872931	12.601650	55.481465	12.385341	-1
76.169234	121.981036	11.849757	54.201771	52.586555	83.332609	41.988169	-1
220.742226	302.441986	21.909014	119.298648	100.672182	122.805168	77.206075	-1
115.874674	247.065036	61.731645	320.448011	101.396916	161.134805	120.909513	-1
118.954859	275.758752	18.952708	48.277384	79.062153	178.832424	24.165447	-1
24.332583	60.038081	2.739253	32.927747	39.332711	50.536468	20.988861	-1
94.510277	287.418524	7.170722	145.766492	108.489676	188.476818	40.477959	-1
256.704405	409.348343	22.496927	112.285734	253.655970	254.863426	91.043496	-1
67.024264	160.655168	9.941028	101.462179	76.186794	136.104942	32.357916	-1
193.896140	283.508274	24.639313	180.359686	25.119535	167.885874	51.919682	-1
122.365674	247.884401	8.218652	232.439962	130.927311	201.706354	61.896986	-1
159.788622	213.503937	26.984653	69.095708	117.879272	94.034947	43.579350	-1
166.798745	434.321270	19.721570	130.348696	123.189570	302.920033	55.911182	-1
50.797838	222.020589	2.262633	80.700980	53.170585	172.244247	64.159246	-1
128.410539	213.171462	15.470848	133.703800	109.700766	131.710796	46.051762	-1
156.437050	350.504531	21.542702	273.169070	258.708896	220.103939	96.780948	-1
51.930096	212.829112	4.972883	56.050043	43.558921	130.324128	18.430933	-1
60.601133	161.940092	22.991917	115.945559	127.001723	107.811919	68.560586	-1
165.860327	262.600857	11.751295	51.984582	24.241258	177.918489	17.548940	-1
49.058449	264.949252	12.871562	140.897595	108.919067	250.571044	77.043295	-1
66.320271	247.834003	7.721419	118.554607	99.235704	138.690311	60.584361	-1
41.973053	169.822093	5.930053	91.253249	37.067569	82.817876	24.783452	-1
15.465998	161.471605	1.863259	84.187702	53.713376	110.560558	37.389260	-1
78.577022	262.994253	11.819141	134.868644	125.665782	155.038663	39.978545	-1
111.429055	191.350643	10.105484	129.965286	162.320574	175.159468	65.333857	-1
147.591888	226.096718	3.354837	177.321204	96.926770	166.141304	49.161236	-1
9.491269	80.329852	2.467034	21.688449	12.779304	50.039051	10.332479	-1
64.495445	181.860960	14.906183	133.480928	113.779283	125.910204	34.877677	-1
130.616691	240.315217	20.122172	40.580885	75.153623	138.671949	19.927096	-1
51.349543	147.135577	5.460868	68.042342	37.693345	70.401723	20.522344	-1
138.743347	280.688530	11.933532	157.586927	131.495631	177.853665	60.084289	-1
48.469810	124.488543	7.914195	86.409025	62.827898	89.096304	43.638730	-1
199.185536	325.000000	33.965276	91.825728	144.013559	208.586302	35.674517	-1
38.705706	163.446287	9.845801	89.084419	61.654254	130.255131	29.870042	-1
187.197958	199.177583	15.515696	233.823100	211.904621	174.669863	61.694842	-1
108.700242	318.919541	1.486778	30.985378	43.092715	146.334129	11.545929	-1
210.795551	333.842132	53.527973	145.384708	138.782558	231.760551	75.432269	-1
46.007760	145.652958	8.510805	113.805945	95.509308	118.801468	58.293341	-1
54.244310	144.564558	4.965219	62.365084	62.090833	136.802840	30.124426	-1
120.262787	123.253114	4.668652	60.528686	69.650169	99.320212	27.365076	-1
34.815762	166.802109	9.402054	113.816342	54.148948	120.970514	41.502266	-1
40.675899	171.819668	14.959974	75.232548	42.475059	128.030560	35.170754	-1
71.326633	226.055137	20.852904	74.951638	71.858825	127.900021	28.034937	-1
69.640007	125.749118	9.308638	124.146106	150.888700	67.366972	46.547923	-1
56.763698	157.681061	20.757456	87.552000	64.024127	137.895569	47.019891	-1
193.555210	391.072864	16.911780	150.048774	135.303947	227.081541	65.013209	-1
161.127882	270.309465	6.318515	171.505287	192.992460	187.343369	63.575590	-1
121.584005	241.880630	19.126830	66.103385	89.698832	64.424260	21.327927	-1
64.758390	128.703647	8.937201	107.254999	65.211501	94.656385	38.367805	-1
130.921758	161.450557	2.811038	80.703907	64.837374	118.942547	31.694369	-1
200.086321	457.081479	12.587336	120.343641	228.746230	316.700410	85.243097	-1
117.523327	336.246950	13.164529	160.441443	130.071993	187.711267	30.571410	-1
167.247006	163.825468	10.170433	202.876780	110.557649	96.737984	65.961627	-1
36.445234	172.317275	6.579072	105.475889	99.035108	127.507427	45.927840	-1
47.288249	148.672033	0.925603	46.114792	41.070165	81.022540	19.122852	-1
184.496569	260.857736	18.161947	351.869720	210.847316	211.477155	131.241502	-1
144.298724	223.043209	13.009301	120.118582	69.679613	164.490058	42.555498	-1
51.528960	236.798242	6.725342	134.862624	105.183544	153.088407	47.773728	-1
56.333141	330.359739	6.597548	206.145508	86.116386	185.323023	62.923828	-1
46.865998	343.674685	19.264032	97.934919	76.057051	235.441583	61.174439	-1
16.939162	178.892952	2.255571	59.361563	51.750671	111.037472	13.761941	-1
148.121504	310.003025	10.393451	237.481139	159.659592	102.795133	67.825908	-1
60.997684	166.591246	11.840674	68.126201	110.524310	129.774648	50.184783	-1
38.897999	141.354398	14.245751	92.153016	51.653299	103.662386	31.459649	-1
7.125452	63.246517	2.289245	34.796267	35.516022	49.353969	20.084990	-1
154.817850	302.382150	12.789952	105.239753	134.715020	223.351701	42.387620	-1
58.262863	68.459624	4.906711	23.515948	16.280520	53.855604	11.572084	-1
2.341315	66.172535	0.699342	27.696842	31.667575	58.947214	13.132466	-1
64.493925	89.587924	4.837387	55.929305	32.653671	71.135839	17.510415	-1
115.988802	193.427638	13.208273	76.372541	67.802197	158.751047	42.789305	-1
46.703281	129.339423	20.938850	86.286906	64.178867	90.547664	31.169417	-1
106.343500	367.560607	54.022040	79.551765	87.307436	224.632688	44.343519	-1
26.455649	119.760700	2.987774	68.295216	74.229599	91.239157	24.305153	-1
119.248906	231.842818	14.355951	199.062385	166.799111	184.122500	58.084397	-1
12.645959	77.423647	1.743093	23.388574	36.544281	34.328105	9.522834	-1
343.459546	579.529046	47.984965	407.898970	513.561764	452.581729	185.271483	-1
39.672598	131.326617	7.373731	97.658871	57.011496	102.603320	44.527410	-1
26.872753	141.737912	5.165216	59.263753	23.514123	89.734326	16.247163	-1
63.682267	203.649261	8.766725	32.498534	51.122320	131.463931	19.435373	-1
82.809048	189.769393	11.866758	89.080731	89.448700	142.707739	37.286560	-1
145.473207	279.414701	24.127835	62.826960	123.113623	184.506662	39.683340	-1
130.196628	356.701730	71.811799	55.720326	121.965239	213.494055	50.941145	-1
104.790838	187.614485	4.214310	197.927948	149.554757	57.427761	55.131709	-1
126.263936	199.545993	5.360668	143.611932	99.962763	117.686691	39.456629	-1
45.913185	225.477186	30.522089	205.758849	177.524466	220.847664	79.773067	-1
-6.711650	168.248898	5.268856	171.235044	91.492162	137.118535	65.610876	-1
149.812043	178.513709	15.841388	84.725664	68.508134	173.328893	23.226450	-1
83.942087	172.942131	2.736951	92.623905	62.764728	111.109050	37.009664	-1
54.253801	228.815241	1.685683	58.151597	45.677001	155.801120	22.765133	-1
78.337452	466.792617	20.723317	172.916754	207.826771	242.571541	77.731722	-1
104.897718	285.957495	5.463403	171.463653	112.935372	179.604297	61.492446	-1
93.439261	281.392696	4.227668	107.021550	122.435090	53.479548	30.109857	-1
134.121442	260.465472	15.696683	208.880846	171.621421	174.331940	77.287642	-1
56.899966	96.123554	8.955418	39.190161	35.064349	64.468436	18.762396	-1
241.237057	343.153514	7.604330	334.109518	187.837035	235.484021	121.208548	-1
189.396964	258.410931	15.404720	270.787204	161.002946	182.137108	86.144229	-1
50.257224	175.000151	9.541053	154.327962	63.830080	128.568621	46.283049	-1
190.948862	243.509339	21.664727	62.952411	150.822308	138.143988	35.890277	-1
64.678575	141.306372	12.772516	58.247816	73.623924	91.698872	29.695329	-1
44.328131	91.116925	12.224609	58.752587	33.183142	68.574247	23.830211	-1
72.567160	181.674960	17.171369	41.875775	40.015829	113.076486	24.587639	-1
106.276928	179.158460	11.974442	165.545102	140.503409	159.747480	68.498128	-1
158.237334	216.279728	7.572748	114.355914	186.406887	140.302614	45.831017	-1
60.462751	130.135908	4.009610	86.064044	73.075914	180.293642	32.844612	-1
190.338846	380.115001	14.108047	337.722068	163.734955	194.968569	97.054723	-1
80.902965	92.197353	10.139585	52.112098	46.845272	67.046306	23.268448	-1
0.460025	69.421030	1.517146	24.357551	27.129218	36.139627	17.809312	-1
58.470866	122.989106	3.427916	76.852369	36.652938	97.432214	32.660533	-1
21.344157	170.656962	19.014611	151.699469	82.460449	151.299576	45.406994	-1
34.598124	96.110978	2.155324	46.124514	45.330084	98.154566	25.810872	-1
86.892012	202.532973	16.759873	112.696123	105.969892	156.744519	43.489183	-1
131.877657	119.043768	5.145229	47.717893	85.172624	67.258593	19.001894	-1
91.835106	267.198534	5.822660	161.545804	149.111257	189.187761	61.474678	-1
39.046714	200.146044	2.614807	164.228324	164.657236	209.737707	53.208650	-1
303.076400	679.863840	56.612918	274.938699	191.438089	439.372774	149.289914	-1
67.458256	164.005026	12.021377	91.214386	89.367765	110.939704	51.812444	-1
20.973331	79.081143	3.301565	22.356186	12.265226	73.552690	10.724184	-1
190.653809	231.586093	6.427768	154.649467	86.472714	145.995494	39.777505	-1
91.119641	236.387501	36.799771	188.947618	116.835358	179.091787	59.026354	-1
83.281950	318.395856	16.455151	97.230087	109.046712	219.112529	72.187491	-1
79.537961	206.897782	11.811265	47.146716	55.796905	125.745096	21.305727	-1
108.687695	228.578823	11.956420	354.314185	239.819477	163.369658	103.700001	-1
24.185795	113.499756	7.411937	22.004758	15.190759	85.056604	11.726751	-1
51.206197	252.520541	11.344741	160.143835	74.847858	162.810667	48.558073	-1
159.915298	194.052403	2.174984	135.964045	183.754072	206.402339	59.208094	-1
59.548486	151.931329	8.639849	46.511154	49.248472	88.876908	21.259922	-1
75.094671	164.071394	10.733718	70.739493	52.773673	160.064610	30.736088	-1
105.908876	178.697799	3.008600	101.739592	68.647534	107.044494	38.914601	-1
64.623234	373.280614	15.339435	176.747632	101.437968	270.777449	53.568054	-1
35.216992	125.592732	3.572552	55.823063	32.469870	100.877720	22.115814	-1
249.225413	350.058866	31.626028	176.806734	201.981977	244.223322	82.302795	-1
62.754108	298.559484	17.385513	197.482913	67.404773	206.240363	70.315903	-1
64.750428	117.238234	16.337122	23.967247	61.615499	86.147010	26.176764	-1
113.675964	164.492941	8.793857	146.822988	138.471538	97.540959	49.671500	-1
134.707819	265.800723	12.824842	88.138756	116.253384	154.659461	51.486777	-1
46.685065	157.695678	11.297342	107.006843	68.345787	84.061161	38.789175	-1
270.551585	269.767034	12.314205	113.069515	192.860867	223.480778	70.517693	-1
130.433129	265.441617	29.345144	96.123291	189.211608	164.562246	45.713559	-1
153.748159	264.556875	18.589969	183.677090	107.238406	180.009819	56.321775	-1
78.415309	245.000000	12.478400	191.032659	177.905427	166.381763	51.130832	-1
116.285155	245.002605	12.257784	147.303092	197.988495	200.531353	81.114905	-1
52.111262	220.318873	4.315387	101.425878	149.397621	145.464156	44.327760	-1
20.658654	194.973950	9.325662	63.120856	43.546433	135.347700	25.341505	-1
122.936639	364.786772	14.408060	247.814596	235.164050	202.109345	135.495142	-1
42.044825	196.103798	6.266380	43.341199	25.082061	124.397234	14.909516	-1
116.077288	129.265318	6.442214	62.813508	111.459092	88.163425	28.315635	-1
33.804257	135.135996	3.500372	56.872645	33.944392	57.976490	19.676270	-1
94.294481	161.620845	6.498239	58.556599	95.171672	69.113597	21.105823	-1
91.080890	137.522417	6.067962	63.327054	48.035882	65.783671	15.511913	-1
261.223529	348.114968	39.143036	225.361784	148.536346	262.103805	74.618630	-1
33.189276	102.734583	1.343114	23.971566	3.989377	64.044908	6.220372	-1
62.171259	164.772527	4.986938	72.810463	143.745397	119.543376	58.167185	-1
53.156067	132.901099	1.167235	23.158440	45.201781	79.992026	16.475613	-1
28.526372	142.401653	5.342249	91.665097	97.519123	137.157623	45.014660	-1
16.048820	142.012324	0.025043	21.800946	25.210428	103.879188	22.759218	-1
27.541824	128.173263	13.641781	103.410877	55.932378	98.609538	30.426907	-1
52.155753	146.554800	6.967834	73.832414	73.978413	114.856936	23.540774	-1
142.577246	266.659980	15.101819	236.797118	170.749787	180.467691	112.691981	-1
132.191132	399.367093	55.278706	82.758139	133.037497	216.826502	40.562795	-1
46.641687	120.872338	5.438287	92.308847	39.099447	85.051098	25.126861	-1
82.189521	252.291537	15.339114	166.610672	106.392954	152.011727	50.987956	-1
88.565892	279.664216	14.021873	232.360400	60.473631	238.361809	94.005679	-1
139.332275	239.051501	8.006914	164.897229	307.638354	255.560484	81.780762	-1
107.307809	133.341521	10.453238	54.007528	85.920995	96.434837	29.737798	-1
133.650330	269.259099	0.886479	198.553591	134.607227	172.113311	61.740649	-1
90.581927	239.815186	15.317062	212.460552	86.664287	188.362801	47.067407	-1
115.498097	243.768912	19.519595	98.074260	101.655305	209.495881	41.942284	-1
215.431350	290.000087	30.114389	127.876708	144.191628	263.599383	73.817178	-1
172.725983	179.595650	2.111217	143.416291	91.094157	42.509750	44.753093	-1
170.646981	304.068947	11.450567	204.290407	166.223132	202.882813	72.403337	-1
78.856612	172.439099	2.310735	76.913052	44.910759	98.504840	23.296104	-1
96.997263	290.506360	5.828988	164.452384	54.500932	186.153694	34.617326	-1
25.086397	161.505580	3.137173	32.461291	31.399440	118.927600	14.032086	-1
58.514224	233.365392	13.452751	128.900261	100.143617	249.590744	48.647665	-1
252.631960	260.000731	16.115375	140.083282	211.988262	178.682866	45.785236	-1
46.498501	123.716289	5.059645	48.092334	37.783391	95.406598	21.975190	-1
119.959039	229.512947	15.575680	113.061010	93.542606	189.959235	47.719224	-1
88.305753	187.571800	3.273474	158.223444	171.284910	166.719815	31.424327	-1
86.388018	146.780846	13.838478	68.983216	74.167450	129.880082	34.139363	-1
37.757502	246.160416	12.323585	197.667421	58.499672	182.175892	57.143818	-1
69.102369	199.491129	5.689216	89.800071	51.825846	130.361129	26.177913	-1
48.281987	85.502813	9.769052	75.682544	83.856599	59.175099	29.850679	-1
15.575123	150.323483	7.408000	46.914066	42.027110	110.956775	17.019157	-1
11.048419	73.456339	1.458372	55.302271	43.717465	31.501355	19.464206	-1
12.458923	109.169407	3.346724	61.055935	38.624020	67.319762	36.568647	-1
96.190297	218.744712	5.013122	113.653227	99.748387	186.146257	36.014170	-1
32.736390	250.997443	10.145078	48.043693	38.042477	167.379385	27.097822	-1
158.887136	330.003549	39.068256	144.441788	118.613706	188.099857	42.750888	-1
-8.874004	179.841317	2.679835	70.800872	129.781747	127.159612	20.548235	-1
108.543131	201.693453	3.737124	62.741697	76.209312	144.985117	29.122356	-1
56.872860	186.715242	5.593403	129.284178	63.587538	148.948626	32.906725	-1
61.847099	291.530586	0.775554	75.279596	31.728171	210.802266	14.622792	-1
48.639372	155.300163	18.501643	67.011099	61.209902	104.767069	31.150021	-1
12.358879	206.720070	0.000000	32.136992	32.088201	158.185400	15.233282	-1
72.705028	154.017880	12.076427	94.654799	29.058827	104.165424	20.411830	-1
83.461527	181.567132	8.368963	140.656192	130.479534	139.160954	43.547312	-1
134.783159	213.152892	11.728875	127.152333	216.811887	149.744227	71.378965	-1
99.547689	335.808155	32.606915	82.733820	97.805012	190.744434	36.951884	-1
51.415875	153.211310	5.894586	151.037909	93.318263	147.833763	46.355815	-1
80.642635	258.256091	6.930247	167.946286	92.612575	166.878661	45.556957	-1
54.299427	278.861472	22.338539	115.540433	144.029825	170.055047	61.029143	-1
75.548977	231.118645	26.566768	186.678019	151.432048	156.929916	66.999469	-1
71.246946	185.518581	18.318066	45.127320	95.956205	154.257264	18.604623	-1
139.472493	233.607042	13.592389	153.193617	111.785286	162.555952	39.683987	-1
89.176380	248.873515	17.518293	68.331519	77.354273	163.110349	22.975268	-1
211.893707	394.529484	14.817237	218.488040	142.466721	320.321588	65.864119	-1
215.519998	290.000032	33.194215	118.296084	142.875321	263.329558	55.409940	-1
115.750866	299.569919	12.350168	126.846315	151.221211	203.650238	88.094318	-1
121.487089	271.568012	15.186100	219.122759	77.766510	190.104244	71.666653	-1
32.733549	95.906676	11.584148	33.801244	67.318484	62.038849	34.538086	-1
201.934166	363.386137	19.311250	136.579857	211.223192	234.268085	73.386337	-1
86.181231	101.867900	9.107222	37.895237	46.530650	100.879948	21.794582	-1
11.848007	93.482819	1.880909	37.305627	32.547444	57.975028	17.689149	-1
129.634350	209.161300	44.268083	92.137777	62.383608	142.512659	37.247789	-1
22.094886	206.379874	7.716804	38.245052	53.160893	141.638338	37.428769	-1
71.483586	187.208572	10.537294	108.709173	87.312769	140.176877	46.809414	-1
94.592550	178.225703	23.263280	113.462318	127.004977	153.946968	50.291484	-1
122.326996	144.761578	30.658235	42.028901	88.633934	154.327817	53.352929	-1
94.640595	276.150358	23.727076	125.628066	106.947270	145.275321	81.336511	-1
19.836198	104.872056	9.906818	9.114587	45.703662	78.972350	29.939310	-1
85.306783	178.744408	13.302223	145.042146	104.571793	179.945911	41.728141	-1
39.782531	157.305561	11.526468	43.145354	29.002433	112.880642	19.069714	-1
97.522655	196.998460	2.300543	122.754141	97.322806	138.480437	35.614513	-1
54.690373	156.537794	4.660554	67.483481	57.068367	147.972343	28.433433	-1
44.145232	151.281392	5.556628	54.130715	70.906755	82.976065	31.005747	-1
133.374608	480.872025	8.917638	129.711935	181.873372	271.334132	69.178480	-1
74.955697	130.991933	7.208826	62.715409	39.437314	81.752586	25.380072	-1
39.540223	202.253786	10.876697	125.264551	70.359798	162.370737	37.235786	-1
20.619325	68.874726	11.879543	43.561510	36.716142	34.867144	23.698920	-1
42.906068	172.708514	0.357906	46.119434	70.425819	87.938673	20.732696	-1
39.647734	78.881156	11.920288	12.171006	16.866306	102.651788	13.870032	-1
11.765463	104.176203	1.244547	45.167256	29.191039	83.006135	19.323459	-1
60.872132	184.766842	13.954967	87.062409	109.447671	125.938208	34.523827	-1
77.343549	186.641274	13.066348	149.449875	117.807611	169.756655	62.712112	-1
238.470557	308.704528	25.045103	161.521446	279.199008	252.185688	81.602974	-1
138.797335	237.400011	30.995557	105.787535	102.017834	140.415116	30.056211	-1
69.679998	198.237200	4.246942	75.762371	152.825624	139.798812	62.236816	-1
102.692880	204.978687	28.522355	123.908139	186.065812	96.857287	47.761187	-1
248.853952	319.350847	11.689567	147.595191	159.015052	142.340707	50.376441	-1
27.762105	205.060421	20.461162	163.272719	62.813968	142.175023	40.528033	-1
189.380621	267.286720	7.959855	100.787151	65.954053	154.293691	25.873442	-1
78.096902	161.269074	12.983594	124.113263	72.011452	117.047176	35.806124	-1
67.271224	240.830627	13.409438	73.126746	48.474803	181.443992	28.223305	-1
281.416558	429.985503	26.578306	203.285131	120.865709	310.045268	78.606859	-1
242.354722	290.000329	13.789106	111.471510	170.466458	255.564785	45.774201	-1
170.969436	63.480587	8.315043	85.291592	31.911015	33.162622	29.679771	-1
141.231546	286.118304	21.941066	235.544721	116.815838	152.465321	80.626648	-1
75.482250	206.429249	14.760129	101.637948	65.206786	103.014944	26.346880	-1
261.906658	174.995830	11.946815	73.327610	69.925342	120.635952	37.866441	-1
173.441737	374.686921	11.258038	195.695284	211.542423	284.111745	83.093680	-1
35.976114	245.611993	10.538878	105.546639	115.942688	241.367566	74.486557	-1
99.124312	241.913537	13.598425	45.522235	77.487363	191.111128	63.007570	-1
68.769598	119.567999	8.955159	30.211871	25.746064	89.387583	11.802998	-1
17.481025	194.308102	11.503301	66.324920	102.167728	145.661008	42.385449	-1
129.290601	500.770747	-0.166579	448.129093	312.078074	280.332334	115.406079	-1
26.509456	86.101563	8.086947	90.064303	79.290437	84.979716	36.962094	-1
115.162091	243.046096	19.227747	179.720056	188.772796	188.338312	61.051915	-1
72.583205	169.055888	15.486367	91.989169	69.829786	132.927545	35.659495	-1
151.021790	293.010926	11.696381	242.351065	218.135458	208.325676	68.207160	-1
139.809452	317.722207	0.017119	68.546401	161.217749	139.516184	32.260359	-1
48.844802	92.295913	3.201687	102.513846	43.454992	57.470585	17.768176	-1
48.634955	211.892200	10.993676	47.503565	75.274765	136.846405	25.919534	-1
40.874108	173.046614	10.280012	82.940075	46.656515	105.303333	29.819295	-1
44.404172	139.664181	8.566426	32.739969	83.319196	85.668338	20.882776	-1
66.182552	202.995657	14.192759	91.696216	60.529727	162.296568	37.830286	-1
67.960265	178.614612	15.840916	125.841714	115.929684	141.295287	51.574873	-1
28.640399	77.473682	3.952946	42.924828	49.427902	70.675357	15.545316	-1
46.782023	167.975177	4.208510	90.828085	102.551401	109.626997	37.166628	-1
31.058109	115.328408	4.220856	77.190446	33.194290	72.248506	24.096664	-1
198.583249	297.609101	10.965092	78.315248	107.093877	177.611291	44.035651	-1
61.148979	247.951424	10.303090	272.771799	279.049592	194.486605	102.595189	-1
195.251643	282.687392	21.601145	138.629961	128.227507	165.160758	50.867511	-1
89.119919	160.535077	2.909614	150.483123	51.233323	69.348772	51.857742	-1
52.334722	231.122972	5.265306	100.881942	71.854962	137.548576	50.506478	-1
243.998673	333.398411	25.216157	265.443598	250.908303	244.885434	89.285835	-1
64.089892	209.164368	21.935536	76.889943	86.356924	126.261107	39.480932	-1
237.569722	278.243366	14.729721	93.329855	46.410932	151.474270	47.327007	-1
119.291987	194.678953	7.622987	131.433674	96.367547	140.501320	29.177792	-1
35.924381	155.169374	3.040745	61.887478	44.457086	129.843346	20.768758	-1
363.795644	375.248756	9.928613	55.215048	71.980054	225.090396	30.687373	-1
189.988444	308.787017	0.000094	174.521807	236.991273	264.076467	81.573851	-1
187.460609	180.497187	4.926702	51.693433	52.684124	60.351832	32.478116	-1
151.004988	345.999428	27.082747	291.013856	120.193574	237.527424	93.746051	-1
69.818862	160.721128	3.781221	33.055974	30.605464	97.958481	13.488165	-1
85.688650	263.166457	21.075510	133.322568	93.066185	185.068925	45.117404	-1
25.201992	182.235665	1.069741	90.332563	43.729368	93.026982	14.865415	-1
48.138654	142.022847	12.927649	45.114958	55.276671	99.051227	41.642318	-1
114.786948	288.929478	6.897775	135.262877	140.038185	184.741282	51.765302	-1
181.159143	159.778776	8.861622	100.224111	44.977996	108.107637	20.455122	-1
10.485616	172.524815	10.251243	63.899450	84.126172	124.192666	25.224115	-1
105.647875	265.570011	6.949464	189.313998	133.338288	126.945111	59.196324	-1
126.609135	159.094400	26.073462	118.235028	110.570794	52.609806	43.455732	-1
72.847582	159.179171	6.301016	66.732202	57.696215	91.341996	17.420598	-1
53.118189	164.324482	5.059559	96.536758	29.513372	103.635697	37.038758	-1
19.345614	170.849141	4.180922	22.520481	43.190394	120.991881	31.735241	-1
39.006059	260.410187	0.026119	55.575285	50.043103	167.207951	31.035645	-1
148.244298	214.786445	10.535978	177.439901	160.667663	191.474724	53.882902	-1
47.714263	127.987722	9.911085	135.892903	109.028361	87.519174	38.954540	-1
84.173520	161.898309	0.818403	45.098008	49.750801	96.349000	16.596411	-1
104.225040	234.970443	1.648833	48.416315	47.138104	161.764204	28.757701	-1
106.405318	129.296226	9.693910	78.721587	68.219032	101.047293	29.871846	-1
210.236274	219.858596	22.584045	79.536992	171.115682	134.043630	33.528017	-1
78.495785	247.097894	7.547480	22.361316	53.141160	200.403613	11.829176	-1
186.320863	321.245692	53.217048	64.182644	141.784667	192.351143	51.095349	-1
105.836961	205.353873	13.794673	171.187867	149.094025	151.830474	62.431952	-1
26.486656	247.719726	19.844077	116.307304	164.672527	161.578024	46.254764	-1
66.091302	241.469739	-0.027806	145.326899	0.000875	161.761424	22.640769	-1
35.541674	130.968608	6.440616	61.807126	55.133205	69.323413	23.023490	-1
102.042862	128.999740	36.974401	18.225800	44.731157	47.132202	7.599514	-1
108.201287	218.649105	8.148631	133.127433	65.756025	187.172979	37.992695	-1
34.674165	179.656207	9.008761	68.120241	40.968497	98.565974	25.039943	-1
32.935841	238.512520	1.007062	72.314374	38.965505	184.544335	24.606169	-1
45.379986	213.925048	10.564818	123.294762	80.344263	147.538835	57.465271	-1
213.811717	126.072684	5.020353	34.586397	30.103459	49.618115	13.688735	-1
32.606672	170.734617	8.811082	177.447449	155.708686	98.159854	66.718205	-1
33.565531	78.829627	2.766629	28.777469	34.660932	56.244875	15.742198	-1
123.135186	222.310475	8.869717	113.371276	48.947630	153.522224	28.352976	-1
116.222077	229.922370	5.117890	84.943404	77.233732	145.359011	52.050420	-1
49.907414	173.611663	9.751456	153.847090	63.643535	128.445732	46.790550	-1
46.675936	219.669687	12.625409	67.537274	94.191782	110.279724	51.254441	-1
33.011233	262.312120	22.064450	197.195837	62.946005	173.867342	65.385919	-1
74.066798	198.869416	14.182769	182.978143	258.918745	185.018118	97.716128	-1
163.593290	194.992561	20.797384	137.788305	179.434472	131.467359	55.190838	-1
155.251803	298.987591	23.831204	185.710488	100.123400	201.549916	50.135645	-1
142.154568	282.388016	9.531787	94.122093	102.302512	198.938707	33.314574	-1
76.348904	58.925568	6.035779	54.148965	51.758584	54.874284	19.950178	-1
215.878344	225.508173	18.894347	208.873325	271.716073	122.773044	83.548464	-1
68.440395	123.696275	0.562745	40.763925	128.831811	96.455561	20.575319	-1
100.835276	206.109933	2.666073	63.073583	31.761334	156.543022	25.337524	-1
103.184216	180.202582	12.990817	114.679518	166.661088	127.307369	53.355944	-1
107.824774	292.202068	15.340419	100.658430	89.692469	175.736561	40.642581	-1
42.908365	130.037120	4.338150	104.492149	65.978602	103.749972	31.051837	-1
5.532073	133.790748	7.227735	101.380236	123.343463	98.405261	38.134611	-1
67.428942	222.820260	4.191910	82.824835	126.714187	140.576258	48.490227	-1
186.923050	231.762811	20.171423	135.722067	126.963754	143.834448	85.291382	-1
132.343168	241.569718	35.619182	59.775849	26.461180	127.043875	37.145691	-1
65.352903	69.076948	1.912651	29.405604	31.905044	61.335592	14.987089	-1
8.862828	192.253967	8.741483	90.794789	53.892983	154.285517	35.402245	-1
123.943111	331.547150	8.578774	161.993747	141.916332	191.621222	73.636866	-1
17.378900	281.735477	3.307064	144.376321	54.885480	199.457162	67.521438	-1
146.326555	242.283978	5.706362	129.538775	130.872075	63.944605	43.708410	-1
87.664706	223.771544	14.746036	188.711814	156.185858	143.295868	66.541263	-1
68.557518	102.145980	12.486799	81.614702	65.006107	81.281193	40.584456	-1
193.496864	266.525056	30.749238	205.605528	143.144455	203.712448	50.611242	-1
91.089580	222.161167	4.416571	146.241562	64.321389	101.466851	38.760854	-1
53.388091	120.559132	15.742346	76.715409	32.871893	108.876532	23.864689	-1
154.377434	293.845952	18.282019	95.475942	136.782968	127.443305	47.735323	-1
71.998460	197.377262	11.630385	48.026905	64.916209	133.292918	33.258547	-1
137.747186	229.242110	9.805066	168.571760	115.071015	155.354563	54.558351	-1
50.715928	131.223882	9.911470	85.436616	76.800040	90.860873	50.464767	-1
137.133855	230.986414	11.552116	126.530685	121.376951	155.907812	47.177610	-1
157.856129	285.276665	27.477957	134.239537	191.139314	183.923294	79.192073	-1
77.320939	158.064067	3.924463	116.194019	43.403610	96.129058	27.144875	-1
54.358372	192.561015	13.008966	71.224618	91.613682	146.313449	26.888303	-1
106.404843	262.152614	17.305920	131.709670	68.588500	207.172466	50.134439	-1
47.515398	142.047944	6.040417	91.000886	63.745988	83.849745	29.099813	-1
7.715821	249.160151	6.485692	229.231960	157.874715	165.606180	79.133422	-1
75.320506	223.415892	19.983642	113.672464	85.912613	158.474666	68.073964	-1
122.398124	147.502355	8.595974	74.283635	86.552722	95.372198	42.132303	-1
95.281811	226.272329	10.086787	154.580047	72.120549	122.856445	34.900531	-1
48.606953	159.144394	6.999662	55.732996	55.130429	109.185718	35.483129	-1
54.770361	306.161909	11.629449	235.440444	57.684766	208.864706	62.152728	-1
50.507828	453.588238	15.970954	277.877870	108.338461	356.749150	45.101751	-1
115.667786	343.613953	6.465335	230.929659	140.210958	218.496143	56.480483	-1
221.296172	137.260469	16.326472	66.039596	39.280679	74.697981	30.158238	-1
101.412628	241.846046	13.362418	253.229258	156.368314	160.354718	66.385845	-1
54.573019	207.800457	18.284012	81.351357	50.225489	133.124887	27.682929	-1
113.852283	252.440796	9.448101	149.776211	123.922349	207.066956	65.589550	-1
56.021594	263.497984	17.703809	55.292782	35.140484	158.779302	29.402763	-1
38.748215	136.860822	13.988620	131.288442	27.616644	95.872438	23.683403	-1
76.083413	196.146158	9.670354	117.121374	87.248460	136.845734	69.592205	-1
208.225573	335.815868	38.397544	160.435771	209.456224	217.822604	87.671062	-1
52.423565	284.437474	8.942499	111.060689	127.867369	189.512820	43.927443	-1
87.039201	188.264092	5.424300	43.352124	105.887314	91.226808	13.486942	-1
86.133532	134.799508	6.435558	107.063783	80.064847	108.178853	45.631513	-1
168.476988	359.164332	18.699073	175.706981	180.521412	233.929330	80.154539	-1
73.127834	199.174577	11.223827	176.645960	173.596173	127.551090	65.637366	-1
71.289317	247.386583	9.374533	109.054056	62.647938	151.438393	29.764276	-1
3.829932	218.230453	25.312445	91.668054	61.247598	140.744364	34.580994	-1
53.993403	205.535855	3.693497	109.185330	94.953645	176.730514	37.354786	-1
161.726618	166.879849	1.311697	82.922172	53.171302	133.632133	14.279121	-1
40.211187	93.214255	10.409676	82.869543	58.084271	53.105210	19.336393	-1
0.564275	201.358670	1.935425	57.081953	41.144280	144.488252	22.760188	-1
174.692388	623.814229	11.019543	103.863197	79.943011	242.201868	48.325438	-1
198.033609	318.175820	2.340608	174.622412	114.961056	247.572391	73.737690	-1
264.411451	199.980698	12.977446	47.310320	84.050643	96.928546	32.083994	-1
89.877948	272.940894	18.656313	162.092889	168.130787	165.861359	92.373233	-1
81.398409	281.254896	1.295439	34.645701	60.621138	174.401666	24.752963	-1
161.315019	210.533100	50.857762	158.212649	191.914451	139.838737	84.268059	-1
19.204793	231.995133	8.977096	82.002502	52.839112	163.697615	45.723004	-1
36.897006	132.228225	22.350322	167.808631	37.416136	116.318420	25.576964	-1
82.102332	254.621344	16.533758	175.851523	106.006648	174.708944	48.074030	-1
103.092129	203.389955	2.655417	115.089445	98.093057	152.752233	44.559635	-1
144.362191	355.501209	74.165903	207.724589	157.833240	248.726610	105.139919	-1
191.032699	351.424261	2.310282	133.347930	115.628759	220.415335	55.590398	-1
73.091555	207.786299	41.563684	143.295380	160.545801	172.375538	77.331674	-1
29.052460	164.933982	11.023453	132.555401	85.257918	170.634460	48.818011	-1
167.165858	253.067319	14.061082	190.167283	157.654062	147.753353	64.020409	-1
108.875154	197.901746	36.847468	118.849559	104.441673	164.369469	55.556725	-1
50.797180	169.687141	8.643038	151.632655	80.005646	134.019813	51.669034	-1
153.296917	161.108708	17.034360	122.567347	140.566376	112.242805	80.191602	-1
14.808671	179.764648	1.980610	19.247522	24.071467	142.181266	28.603472	-1
81.366520	399.138193	5.856385	135.238676	110.285918	293.417892	59.190704	-1
92.395662	337.402037	3.245014	196.100802	130.035028	217.828927	58.918561	-1
101.137732	238.620167	6.532763	104.779484	144.981672	147.623613	54.364365	-1
119.425774	272.971935	18.405509	204.822504	139.862891	181.203431	66.684157	-1
103.287368	205.444094	0.475272	79.637416	59.410132	110.438032	20.073136	-1
197.570018	322.829730	22.919282	106.185858	188.789850	206.155353	38.366996	-1
18.608048	192.982686	7.114850	51.151763	50.596288	145.223489	18.406972	-1
39.769343	122.329705	11.389656	129.421659	56.925631	115.157936	56.516656	-1
121.007701	303.198577	3.041710	286.025101	173.138392	206.561121	127.434059	-1
190.339883	198.540600	20.134599	99.255654	100.158853	126.083600	41.145858	-1
30.641351	146.803362	7.714029	94.474904	77.454999	86.229548	30.194564	-1
23.640410	180.216107	2.681950	77.423559	133.737405	131.135620	35.709833	-1
203.283057	271.975899	14.814114	214.347342	336.775307	158.083877	99.416270	-1
121.679180	209.544740	4.296173	133.074887	107.352094	164.036527	57.435239	-1
77.190266	206.363319	7.409186	57.620693	72.455040	128.082121	56.084915	-1
117.174188	174.349974	9.906442	104.999603	60.704573	119.866516	31.979521	-1
62.246396	232.718569	8.526808	167.128119	86.347014	173.260747	47.702215	-1
154.245605	202.397532	27.843338	84.907595	116.769054	113.596285	37.207031	-1
62.481489	168.010688	7.448214	230.979191	90.680732	125.677075	68.472493	-1
70.708794	159.610371	15.304555	106.733441	66.449429	119.099440	41.344766	-1
235.165415	262.477369	1.584205	328.590776	213.665252	191.530133	103.656305	-1
159.614764	204.359194	10.224487	104.131154	150.843815	175.532002	46.422481	-1
186.663488	309.042164	43.075339	126.400384	143.906125	179.473722	58.166778	-1
106.913464	178.328197	12.814797	117.467039	83.131608	116.967482	33.234833	-1
72.861485	186.393573	17.748360	58.112028	69.033084	155.094581	22.303594	-1
156.534275	205.892317	26.226794	78.156735	74.471744	139.880043	34.239710	-1
51.874236	223.622157	7.333559	126.416699	132.529753	145.454727	32.955966	-1
97.608312	194.391111	5.506008	86.691248	105.012554	144.065514	38.003276	-1
74.455033	394.462467	14.194535	153.918875	184.141838	285.996646	102.391244	-1
132.455225	150.406732	4.376361	82.451555	134.439295	119.281460	59.294090	-1
52.639529	200.226335	16.708894	76.662562	33.381580	129.405302	31.186782	-1
133.849193	265.920756	41.386694	166.622568	97.799534	212.754364	65.031880	-1
195.493300	210.434564	4.827259	62.778904	70.841216	151.941058	38.557979	-1
92.788118	286.596102	17.426304	107.063969	104.329140	176.150412	40.532171	-1
38.215699	147.835176	10.957332	60.675096	67.732540	92.399620	23.643844	-1
47.507620	227.022533	10.567772	70.558393	50.274449	130.805457	21.573855	-1
187.953948	325.130416	15.967640	247.141971	176.054746	269.101830	105.762451	-1
117.645675	122.231040	8.664797	104.783243	86.819540	101.300367	36.601629	-1
111.377833	150.860169	0.710541	107.227555	62.211353	102.582383	14.871877	-1
137.229384	195.649941	21.800898	91.895306	136.718488	144.753503	59.130653	-1
13.119851	103.848208	12.894769	74.419961	17.072595	73.677180	25.166613	-1
179.662998	342.747959	9.851624	165.383714	133.475844	220.813136	75.846688	-1
42.309885	159.773930	7.009972	93.768260	95.265973	94.943637	40.780409	-1
54.742029	220.514257	23.304723	116.948795	59.610095	151.682032	45.749466	-1
192.977371	343.096188	25.404092	93.283905	95.701749	240.866610	25.581474	-1
79.288266	307.280202	51.610275	218.288783	66.236089	217.935957	67.964965	-1
277.282109	184.180942	16.654174	61.416529	65.779386	192.065642	18.156274	-1
61.463219	152.803902	10.326657	110.458477	41.422168	103.975470	28.922747	-1
202.140147	450.812861	12.494853	347.762809	199.990249	325.667241	133.400946	-1
135.596884	296.416678	28.330712	139.174199	98.849415	169.470852	58.259688	-1
60.586990	214.262380	2.236259	219.340340	121.102470	166.818219	97.505204	-1
31.589525	166.721182	11.760810	126.222687	151.520455	118.110111	49.030753	-1
90.503242	177.918430	7.308443	111.433341	67.456385	131.234632	56.403975	-1
37.679939	240.583714	1.845863	63.763613	70.767880	135.508614	31.926227	-1
148.078960	299.868060	8.160671	80.703621	171.732802	232.119956	45.149157	-1
123.556509	159.456047	10.558248	44.255336	33.842740	87.144854	18.665683	-1
78.481599	184.358638	4.210337	92.097521	66.485102	118.055371	28.636831	-1
136.467844	250.564412	21.411902	171.966869	109.703280	154.560014	37.222978	-1
35.516761	73.288875	1.693868	64.791285	82.142563	33.251817	31.905611	-1
165.022178	194.842485	7.155144	151.358614	138.789385	174.266310	41.879755	-1
80.941169	228.889336	27.527854	99.441935	77.687029	116.283330	32.804422	-1
36.865082	148.475307	12.392908	102.104957	106.055083	86.863002	41.650970	-1
95.664515	206.038959	3.850843	143.136574	72.491603	127.674605	37.204123	-1
63.436888	167.853867	4.191481	77.487532	73.773675	70.163631	31.741159	-1
114.716570	337.307243	4.797281	115.042492	78.097225	192.631935	54.212309	-1
120.163632	278.121900	8.485346	29.776880	63.485644	233.565859	34.444532	-1
83.365422	149.007549	7.880933	118.177888	165.469965	130.527465	45.128472	-1
52.276846	200.681733	4.352046	96.492851	89.522358	139.991991	41.166214	-1
45.607924	164.495425	7.646715	75.963773	58.462857	82.156038	28.701493	-1
38.490968	114.428991	4.198982	26.656355	55.811187	64.472408	18.161763	-1
89.327081	147.058104	2.947443	36.012475	73.888559	107.664630	13.628721	-1
135.014032	164.192066	5.881860	73.033661	44.292758	66.031901	28.409809	-1
108.355865	214.479487	3.906519	153.300212	127.953308	149.711151	62.993634	-1
87.883502	223.848594	19.160226	259.542631	42.214728	241.714675	75.212352	-1
90.855853	170.306609	11.411828	98.086582	132.282399	104.814726	42.945583	-1
91.438957	123.194822	11.105436	39.518573	60.840752	58.864292	24.620765	-1
52.696838	241.383947	7.515457	122.991687	88.747316	188.392422	49.463840	-1
29.465210	118.248301	2.615177	50.591761	40.896382	68.068300	21.486477	-1
68.905922	234.938569	18.927726	137.476751	48.289838	143.060634	42.297387	-1
139.243427	219.004898	19.461061	160.471607	63.788629	169.928170	56.256532	-1
115.412564	272.857783	16.454589	83.157312	86.476841	208.908982	36.814815	-1
70.754429	398.413808	7.759373	231.528631	20.721381	175.089628	56.993498	-1
53.952750	138.845839	8.345223	86.257782	88.086311	140.864753	44.292940	-1
102.804089	231.266863	6.525114	191.113162	127.995579	183.022125	60.649149	-1
231.079490	365.929362	22.902349	241.597910	155.559075	295.305028	83.423472	-1
46.159174	160.703746	14.428924	72.409438	93.946855	161.492792	42.196978	-1
148.146913	173.085519	9.832796	40.751611	61.538999	163.309326	15.067610	-1
104.558611	151.024856	4.575587	109.258581	38.184624	144.920723	30.158933	-1
123.015894	263.677910	14.277711	135.296560	79.583495	194.839905	44.996755	-1
88.641807	251.502895	29.426174	104.770397	108.784524	175.454521	77.468877	-1
47.283004	147.473781	5.642262	81.284882	101.853149	105.653155	39.783136	-1
26.383085	142.634536	3.224159	45.925304	22.662311	92.272658	14.527733	-1
20.128944	107.683632	2.879820	59.803085	35.181648	51.433183	16.884887	-1
45.550019	145.178157	1.207521	84.452712	83.497192	114.058812	39.792328	-1
170.906079	244.912310	31.501533	32.601723	117.878462	127.472421	24.437151	-1
46.912421	108.702448	9.693671	43.166079	55.413272	70.566268	24.293147	-1
106.702025	274.929180	9.803146	187.390894	89.535066	208.518461	41.642226	-1
90.916996	310.789003	40.059851	175.880096	85.109798	188.330077	55.438940	-1
42.485193	141.810631	6.202587	74.162357	51.025541	77.948544	22.479296	-1
57.978196	156.796409	16.029418	86.449930	134.384505	113.841983	46.463826	-1
215.199516	474.985549	21.135187	205.382285	186.423872	331.039730	74.036801	-1
36.434196	148.282713	1.619301	34.542146	29.567193	109.780481	19.124439	-1
72.989033	208.805876	14.218345	142.819781	75.260433	131.624914	40.670925	-1
83.206340	139.615062	6.709930	91.612628	56.637163	109.697244	25.886395	-1
138.938313	376.437932	20.036720	250.329206	237.700758	244.300883	115.350474	-1
91.109065	300.139926	37.007556	63.870731	32.976357	240.607458	33.358515	-1
59.937257	136.122622	7.493255	94.202642	75.432588	95.263385	26.405289	-1
27.855894	142.204355	3.746581	74.617463	66.807623	87.478837	33.353531	-1
65.297823	207.728865	12.616337	267.615206	219.685541	189.270517	69.879313	-1
110.216548	214.251628	7.119442	66.854087	93.769181	171.165589	43.012193	-1
108.583339	233.579275	17.450584	165.410430	99.819737	158.377107	51.587462	-1
52.237876	100.723770	5.920352	51.686464	53.974872	78.362400	28.031101	-1
246.551318	376.084262	4.611459	131.331414	74.686513	246.785884	82.660540	-1
37.305392	263.863378	11.071340	106.829930	37.274647	156.757672	27.971160	-1
43.917316	172.770329	13.252794	165.627818	94.844144	146.167391	52.094271	-1
24.500958	117.171523	5.568027	102.042205	97.453592	81.220195	37.127030	-1
114.448308	263.747430	28.959298	184.879918	193.275771	183.615938	93.258965	-1
179.422852	274.071732	5.994991	190.523248	204.073847	251.328144	80.155099	-1
125.760603	285.358912	7.218453	64.560394	69.035223	64.947284	22.541718	-1
102.094097	144.175692	4.326956	140.198348	67.455354	101.216457	37.462090	-1
146.152814	339.818414	22.449332	192.635636	182.199156	268.300728	121.911712	-1
39.633057	382.441689	10.650873	170.749788	108.770086	233.944396	73.430518	-1
52.595826	107.948192	7.323134	121.259983	62.800929	65.829067	35.926120	-1
96.001781	209.974848	14.597179	102.083426	117.503905	139.828380	41.406478	-1
166.407174	588.417907	26.461390	391.442704	160.445142	377.322728	120.912214	-1
98.493600	272.927435	13.536582	121.081965	194.698309	180.971750	61.587149	-1
30.506041	273.870079	21.182194	105.916818	45.448823	182.814836	42.749319	-1
61.022665	151.288071	6.034565	68.280164	53.928568	106.527660	20.755480	-1
163.881676	421.244429	44.268117	151.842644	149.161787	261.791540	96.932612	-1
174.991158	377.369776	40.302301	179.145788	111.053072	199.307502	57.424721	-1
60.014125	173.036293	5.413437	196.563432	55.584061	127.070268	50.254860	-1
15.913702	71.858791	1.550575	66.771213	51.651456	57.331746	17.943199	-1
176.581840	429.605566	9.618373	347.011407	259.700698	357.642104	108.280443	-1
80.220728	281.582137	7.326194	70.126220	92.484904	208.088857	34.662059	-1
114.717164	206.238263	24.382339	51.143188	42.599870	118.640503	16.649686	-1
26.494830	171.099788	2.313169	40.087627	43.251241	142.108098	25.673779	-1
43.073363	198.284207	6.319276	189.864606	89.867884	156.809494	54.981169	-1
113.634224	233.864731	17.454358	134.042495	63.130190	133.579873	44.429989	-1
23.081990	89.934786	5.581929	47.000705	51.867498	69.343797	29.126796	-1
37.411250	354.604423	0.764782	88.857929	68.604400	256.002459	37.128858	-1
112.029053	365.240862	5.084446	202.051377	128.159313	231.173198	101.719126	-1
83.786833	232.895023	3.979159	110.504151	130.150230	199.060201	38.050039	-1
183.530272	282.462496	21.943238	280.867157	158.654030	187.346689	78.970527	-1
110.511774	179.495651	4.555907	143.539857	113.652122	107.617005	47.929333	-1
72.558702	179.649031	14.125209	103.661918	104.908400	156.683186	46.443760	-1
178.986106	238.399288	40.143624	123.535532	149.093958	144.736392	51.763575	-1
80.245847	157.274401	15.520009	226.652142	277.996060	87.391294	95.747076	-1
42.001351	115.909469	5.498175	77.301504	42.517474	92.335880	28.162882	-1
72.481103	222.154869	10.681945	77.075136	109.338565	118.370844	50.101242	-1
105.430845	240.003813	9.800378	181.046612	179.202468	217.729562	82.988658	-1
34.746451	131.122006	9.487186	182.120057	66.093130	92.732641	41.051750	-1
103.628718	183.250701	9.622583	105.941540	82.131993	156.288894	45.599928	-1
41.319144	310.189238	24.230756	128.602861	50.047571	207.337970	58.867711	-1
174.520637	331.005538	39.524235	116.095886	85.537131	214.312292	48.174743	-1
87.654256	238.281276	19.046649	176.348279	234.288102	145.415987	95.611089	-1
69.565117	237.590636	13.170624	185.339630	104.746910	188.335432	54.221133	-1
25.757063	429.082838	13.074111	342.383006	354.082600	345.223078	173.244819	-1
44.555609	260.041463	5.345176	146.589895	131.105950	171.642098	45.175766	-1
153.465606	246.583927	35.684137	100.947794	102.270820	117.753679	20.195287	-1
85.134366	193.072531	5.562202	88.615921	54.983026	147.925965	37.930090	-1
182.260143	254.455905	5.064618	71.110947	67.304146	180.505783	51.968301	-1
111.655261	279.344085	55.303425	138.045338	68.875823	211.101512	46.167439	-1
58.215391	186.134334	7.632093	121.614682	110.922083	105.607958	37.787831	-1
96.031672	205.114865	6.679019	219.466108	213.806124	156.505843	67.729596	-1
129.842152	327.924902	11.832556	128.465835	172.759469	177.064977	91.365461	-1
49.581447	138.323809	0.711685	47.944665	54.593537	108.419432	33.599318	-1
90.941288	155.175915	10.320899	53.299010	85.865003	91.565166	23.179611	-1
80.450465	155.975468	11.588248	99.754534	82.399200	92.378388	38.432016	-1
114.398743	191.503349	3.844674	111.356109	40.177875	134.285952	53.410239	-1
238.811852	229.678148	33.647437	123.422473	105.561954	136.223984	39.401447	-1
79.257217	172.892762	13.797049	168.467824	86.718002	115.762586	43.669173	-1
56.781761	117.829485	7.274801	51.408971	35.578546	61.029115	16.665217	-1
236.002393	376.554642	14.918262	197.780666	171.508787	259.044830	58.508382	-1
63.732393	153.430886	9.259449	112.213470	71.249544	88.519726	49.250688	-1
160.423874	180.406578	17.152323	14.535358	22.364347	115.156588	7.897331	-1
64.918900	158.170865	7.946086	99.612863	74.488677	109.869394	29.693099	-1
13.025376	173.139646	6.750883	101.240662	30.446461	139.870964	27.655864	-1
102.161965	327.196711	96.013198	178.986462	111.941568	197.916024	54.083961	-1
57.994257	160.893960	7.175370	73.342355	65.249351	90.615832	42.042006	-1
70.583649	210.294006	10.470905	148.445848	106.809599	130.471164	59.737321	-1
153.191046	273.680489	16.931242	107.205306	106.533249	182.998728	44.707308	-1
34.881049	222.095823	12.895599	72.550018	98.530740	156.778961	32.065399	-1
172.721647	209.843647	19.472848	205.033598	96.145943	178.617094	69.810508	-1
60.118815	242.739257	5.733103	89.836330	88.200104	170.993152	47.587554	-1
147.354262	292.883051	7.018917	107.188156	188.504295	191.793909	99.535340	-1
150.342483	253.480392	49.083905	85.552329	140.205368	123.412671	41.530044	-1
49.871005	199.956034	2.468074	104.933601	68.281259	138.584490	17.097783	-1
27.455305	130.976717	2.346266	31.523092	33.776686	94.019636	15.657293	-1
34.040496	220.392301	31.427620	195.188126	123.896021	133.516667	77.652363	-1
69.949843	183.246548	7.174760	43.232578	50.385556	93.010777	20.561678	-1
115.926457	194.356629	9.540630	99.637648	100.257656	146.775297	34.911941	-1
100.002655	167.419889	5.254717	125.044965	84.251328	145.808596	53.111717	-1
206.467103	580.239689	32.854767	271.209213	163.453180	353.269659	155.554928	-1
259.905068	258.129331	51.245831	156.002032	117.508208	133.390220	48.468287	-1
135.177132	206.025971	8.437088	189.169452	139.053655	165.404507	73.121876	-1
7.492532	173.058415	8.941618	76.037384	88.815785	106.317770	20.409281	-1
277.879619	373.983799	8.905409	287.835319	212.093959	303.620614	97.013247	-1
88.444730	182.938590	4.529004	136.728203	94.849085	140.056406	46.804882	-1
242.816721	255.815852	38.984037	72.888294	62.356260	151.352587	41.481331	-1
95.656230	135.142589	6.502735	111.378371	80.051942	120.762058	37.459748	-1
58.928339	124.421967	0.502182	75.910815	55.775732	121.246094	42.465399	-1
141.163929	336.100751	38.700023	144.286861	125.031339	206.018257	58.261019	-1
80.960599	173.356972	12.712355	147.091493	156.243655	64.773952	60.062242	-1
58.726749	215.950622	28.205813	105.532155	69.374717	144.316854	51.743022	-1
180.566468	240.668761	8.519422	103.277344	128.308989	159.888431	42.233805	-1
30.288366	225.137569	3.245324	28.716283	40.866902	175.634855	26.087918	-1
121.377941	203.864772	26.391922	185.593931	72.340652	216.357168	57.913421	-1
48.235943	164.780322	6.050684	108.128797	37.112078	110.034472	18.300297	-1
70.291443	321.824969	7.964178	156.206529	84.560979	203.963304	70.676363	-1
165.229015	305.202812	60.968687	97.190666	133.969741	193.198938	50.277792	-1
35.603619	137.458939	5.641901	67.535469	90.172031	95.907886	52.740801	-1
66.608351	266.535846	31.490650	154.852536	102.620420	173.754849	67.997670	-1
102.497383	230.641470	11.709559	116.561239	118.733895	173.506272	34.344757	-1
109.083078	294.875788	34.245463	134.525172	133.363965	192.523115	91.639634	-1
115.074338	196.152354	27.426348	60.525749	53.308516	122.819497	24.855923	-1
70.193596	105.003084	7.586754	53.118596	55.402312	64.821786	23.203593	-1
39.349640	213.087943	7.388040	145.050369	89.917848	137.234790	73.628108	-1
107.324629	176.003868	6.944922	231.689938	168.924469	195.295667	52.120292	-1
17.317629	151.279438	3.864714	51.701076	55.740532	104.734713	50.420145	-1
84.177977	141.396032	6.189507	33.387713	41.554981	92.103218	17.512921	-1
62.022346	178.714367	14.904025	75.329493	81.531852	118.599793	31.500326	-1
87.139360	246.485667	7.600004	120.332531	78.825579	148.601985	59.283292	-1
119.599268	248.524585	62.325216	84.044870	63.383732	160.862446	61.519225	-1
131.044770	246.237541	13.820884	383.500851	183.828677	153.807662	50.951891	-1
68.348926	191.264751	12.005800	114.338053	72.636718	133.432242	38.393330	-1
85.628565	148.811548	3.577466	129.050121	63.179968	109.048700	43.656250	-1
143.956306	140.627320	16.809105	27.142300	97.902651	155.768534	18.528675	-1
144.976059	276.980006	2.577725	61.994119	157.924483	135.549064	45.529461	-1
198.747364	275.025387	34.050788	96.363963	116.586381	129.477486	27.209647	-1
36.524218	174.642181	7.212232	107.702932	101.641334	142.198749	33.738046	-1
8.178385	174.638625	15.326490	101.930872	53.835538	146.403439	43.387050	-1
87.889481	209.560985	18.007051	114.528667	154.211338	137.030922	64.572813	-1
59.012043	196.431963	-0.249505	22.785043	55.381402	98.148208	11.301783	-1
123.292393	188.404861	10.005286	136.885209	134.139640	166.552770	50.060221	-1
247.448766	386.010751	55.934183	141.827031	205.604753	233.715898	68.297042	-1
32.552090	170.608053	8.425856	59.735306	76.605136	130.152902	57.087336	-1
48.407710	393.953961	40.096721	136.973590	75.044719	237.040497	55.479523	-1
115.419479	200.199490	15.107687	65.299496	108.649909	106.083896	23.436911	-1
107.071823	257.027060	13.313915	141.052643	104.984801	192.389875	50.826606	-1
135.144675	168.638133	15.705395	134.508295	115.091458	80.180429	52.988023	-1
122.222005	366.367953	51.270797	127.319364	120.748894	211.858256	48.009319	-1
44.088595	178.270693	7.242434	93.712037	104.168937	128.005560	41.527790	-1
52.596026	185.048000	0.624513	57.078274	62.716975	119.500274	34.931612	-1
22.046089	96.781060	5.106724	63.772734	88.421247	62.982584	44.985237	-1
23.021477	55.954745	1.843029	14.671157	13.630522	94.146879	10.807130	-1
85.867962	139.908513	8.636093	119.965002	56.122446	113.774942	31.699544	-1
87.540632	184.769790	31.219685	71.874467	78.580497	108.158994	37.266927	-1
23.244971	225.206309	6.423298	210.673706	146.179412	193.690498	85.907310	-1
14.184028	245.376812	20.224188	84.177464	86.860452	165.198313	35.669511	-1
93.067159	254.881860	14.260739	184.957499	80.394339	138.611815	51.435827	-1
72.239509	133.988529	5.284815	107.751494	111.829009	98.508045	35.710642	-1
64.195833	132.753444	7.085977	131.871545	81.068945	84.772999	39.843063	-1
206.574237	358.206322	73.663143	134.204418	142.010322	214.211862	58.540613	-1
43.545711	205.916437	4.324605	112.954189	124.883254	163.174747	95.675086	-1
79.445519	175.616640	8.976732	74.820283	74.374092	109.552308	24.564963	-1
83.853706	236.927654	5.686584	203.723106	74.520075	216.345675	53.151491	-1
152.622849	227.604795	15.383283	75.345893	107.287619	159.543037	51.729538	-1
249.651503	317.166360	49.498493	135.993190	177.441823	211.765259	93.905191	-1
45.670925	107.605029	0.784729	98.641654	60.672747	68.708866	33.661127	-1
23.566384	119.873425	8.746473	60.511957	91.653600	105.860029	42.743306	-1
59.371739	246.146942	4.807283	77.463965	54.335191	167.860116	29.242540	-1
141.947791	229.680428	11.475314	67.116910	46.939495	148.840342	31.202726	-1
240.271311	238.878934	34.205532	117.824090	146.147237	118.129003	49.020599	-1
58.077053	171.101547	2.925216	142.607487	86.509730	166.596626	50.504284	-1
32.886945	164.613937	10.532408	44.453421	78.179265	115.035440	23.064001	-1
98.748915	242.780023	22.021825	124.656262	195.092620	171.515479	76.100597	-1
51.907595	340.866220	41.715721	109.777090	42.499663	173.803657	34.862240	-1
130.362028	258.525254	27.777909	67.770585	105.220320	153.278940	38.787400	-1
49.647445	119.762759	12.250983	50.544772	116.296405	166.844103	31.084213	-1
110.806823	223.586512	1.747319	176.157297	138.365662	197.486001	56.541008	-1
107.049317	223.267135	13.341133	170.526978	111.547071	176.156560	51.466170	-1
134.443842	255.427472	22.526329	78.535891	51.327320	156.057332	32.034397	-1
117.427212	242.109527	21.905218	113.861620	83.074177	178.599194	53.970041	-1
42.918201	95.179736	3.390836	130.118910	55.529036	84.901789	35.328545	-1
61.144279	192.817000	1.254714	59.517000	67.615508	139.290986	26.726492	-1
35.640247	216.289920	10.091374	208.596554	161.593590	151.786708	47.768821	-1
230.161730	253.778530	31.234161	313.659736	151.354942	80.398877	64.671174	-1
99.753213	237.658046	24.119179	88.146738	109.050141	148.643843	24.801178	-1
126.050574	126.469911	7.397197	103.777472	134.690088	91.030376	25.488131	-1
73.235198	178.832655	33.642061	76.719019	50.657999	134.117798	25.117552	-1
102.800661	214.438185	12.848124	68.375281	58.850364	164.193081	30.936673	-1
11.618698	255.738857	33.263438	84.437923	16.147042	178.980836	15.660658	-1
158.507785	297.839538	36.888205	66.352831	101.464735	190.188932	47.549840	-1
59.819463	234.129190	16.865091	119.836282	92.843698	164.262151	55.343790	-1
59.538635	164.534111	16.806449	65.146698	106.933202	102.818540	39.490204	-1
14.828347	267.273055	24.079520	169.402825	29.371347	172.252350	65.408663	-1
192.035989	217.868465	13.051183	145.055172	118.221439	159.810261	46.268316	-1
71.605497	203.600500	25.053783	145.703631	93.035457	159.895391	63.448392	-1
4.169869	335.672361	19.474534	236.925960	98.993101	245.237955	98.026584	-1
90.867777	201.203000	24.653797	151.842414	86.928579	120.507616	40.977429	-1
86.531332	354.087540	30.777879	102.191918	62.351127	201.770763	68.596520	-1
75.869150	240.243527	18.528768	99.778647	100.631422	174.804404	46.303853	-1
75.304578	175.355657	16.935150	130.436608	110.743674	137.652079	46.232499	-1
93.210281	171.052751	-0.750141	27.779963	21.542107	124.356614	11.451195	-1
137.243576	289.626149	17.293087	62.497070	159.655235	198.714437	40.602646	-1
53.924895	234.747101	0.736595	68.315247	55.425391	179.306146	42.068447	-1
58.743286	204.542652	7.791541	209.648062	129.506331	115.864773	77.674384	-1
253.844293	352.011686	20.529006	215.238343	119.232122	192.843060	87.495314	-1
160.837675	310.389524	12.064497	124.126442	98.260598	193.921317	41.748153	-1
54.747641	133.033977	6.716381	102.980454	77.729435	73.982397	36.202649	-1
21.121080	99.859842	8.822975	53.352384	64.052254	65.340483	23.379020	-1
141.387045	253.823287	26.694663	24.581184	31.714668	137.905858	25.367375	-1
178.903200	290.357872	29.070316	103.784676	163.022822	198.058734	41.122190	-1
17.008119	145.524801	6.044188	41.795875	10.994725	121.744998	20.962282	-1
36.011341	161.244070	5.522452	53.276346	98.310813	149.713810	48.267624	-1
96.534887	176.667180	12.073546	47.204263	59.368675	92.684096	10.773816	-1
172.411850	281.736121	25.400330	221.035830	154.139167	220.548491	59.288883	-1
82.058140	239.219894	15.089742	94.688691	56.779943	173.831390	39.105492	-1
36.639403	286.530094	4.513206	52.259263	28.231590	188.114515	19.611596	-1
82.935819	193.798705	1.346752	83.390873	81.614829	93.865184	22.252821	-1
213.236068	322.718558	17.586762	94.434371	215.048405	205.032922	51.364743	-1
86.445091	231.240411	7.183150	199.945320	137.649114	153.824691	55.446371	-1
34.199585	145.118204	12.046611	108.225762	54.660606	91.278158	32.855316	-1
134.470111	191.318906	0.161041	104.901001	136.759487	121.925539	27.543240	-1
173.208265	313.597812	16.173942	95.407144	141.815588	201.141635	65.934917	-1
76.092902	248.476323	4.429504	93.429879	38.658602	161.626258	37.271739	-1
46.017507	168.691450	3.046806	63.586956	69.432606	109.518488	29.789219	-1
254.712965	213.296846	13.304032	104.657605	107.224778	129.674294	24.288794	-1
142.352871	283.931010	25.907519	86.762809	226.578122	176.708195	52.326486	-1
54.428892	207.708783	6.209382	108.134045	62.052952	142.123271	33.609775	-1
62.020407	133.240036	13.799111	103.166264	90.468209	137.447847	52.845559	-1
66.107801	182.827437	24.932831	82.635663	32.135814	97.228780	30.432332	-1
185.675832	276.117764	24.603579	182.233583	148.968332	211.704963	78.411590	-1
27.648326	184.171373	12.495250	109.425905	79.378702	145.049850	41.953006	-1
73.115572	162.754707	21.612304	108.507418	193.281889	110.822605	82.332617	-1
139.426224	228.836957	14.842590	114.571301	107.001382	186.379492	41.679038	-1
206.757761	316.010294	24.704239	137.581561	89.409264	177.896668	55.995741	-1
88.488495	259.204464	8.071766	147.066839	97.181818	162.133019	32.088725	-1
52.760590	145.994656	9.641141	55.961697	54.224369	90.356903	21.578032	-1
154.456190	235.906776	24.426002	212.251836	140.042316	226.294711	74.811826	-1
276.063328	374.504809	22.006957	182.836052	187.749905	236.298096	59.602708	-1
100.621300	176.655993	2.705205	252.634458	189.960832	158.263983	89.328451	-1
75.526914	190.186258	7.434750	105.553422	96.773886	122.901033	42.968830	-1
118.363186	254.415605	21.639364	120.474089	145.419719	229.312051	52.636165	-1
53.174320	251.495992	24.970395	90.339529	98.167621	167.606846	47.615348	-1
16.738710	186.356974	9.227351	62.768257	67.947458	127.577317	45.256159	-1
51.222852	115.910748	16.530190	105.972992	112.879810	74.024704	18.934384	-1
101.929409	195.181559	2.952287	94.299110	64.305431	157.469436	34.855869	-1
74.357702	273.732577	17.963234	106.091838	84.211548	148.989535	64.151591	-1
19.394747	118.917602	2.448478	31.719936	29.258539	77.753704	12.581984	-1
116.668947	231.152872	2.646504	59.247386	90.309610	147.663660	36.841202	-1
51.160738	154.874999	29.251993	59.337027	94.096727	114.787067	50.483480	-1
189.639515	342.317190	22.903230	123.074924	86.563153	230.038058	51.651121	-1
53.266532	276.550221	28.011576	110.262888	68.439506	178.858895	42.619978	-1
36.328494	189.708589	19.216673	69.825599	60.202338	162.674771	28.063636	-1
104.129117	216.008460	20.403608	74.941791	54.487098	130.853421	19.532244	-1
126.180478	249.384086	27.962669	294.961204	106.336078	154.665338	87.113978	-1
53.141860	170.439659	2.234302	34.993531	25.106663	126.969898	10.941787	-1
73.463777	204.658034	7.173103	44.436974	89.735897	161.607928	25.101418	-1
160.100720	273.305767	16.421949	142.216938	108.256463	204.816622	57.726819	-1
114.744647	287.981602	34.475793	161.665740	107.260855	184.032321	53.049506	-1
36.294729	253.983023	1.024030	40.314626	41.551556	170.713022	25.411580	-1
51.300972	256.304428	16.578797	89.984336	115.953466	190.139020	53.346454	-1
67.115353	140.888321	1.205890	32.878378	41.982724	61.374605	17.364718	-1
65.489593	201.839141	27.092004	115.108480	152.296381	204.818024	59.138320	-1
67.860030	241.186899	5.416658	121.965166	83.467495	164.088928	41.677094	-1
51.202255	202.147085	15.276375	74.012267	144.708593	179.517848	88.168909	-1
138.139405	169.429488	15.683304	94.801793	89.922982	120.654559	26.867454	-1
94.122633	196.562305	24.561868	88.837359	83.204785	216.982763	43.952566	-1
42.310411	216.219474	8.573524	143.307509	135.486388	169.980599	49.182910	-1
63.145519	187.563897	6.356468	38.950672	84.957701	124.996145	23.624036	-1
104.770992	185.511082	12.316751	86.582808	66.045525	95.822808	17.948210	-1
133.860471	283.651551	8.898156	73.863722	109.038947	180.716948	32.143766	-1
21.071103	160.368606	13.251639	92.037791	72.872015	110.211243	52.945377	-1
24.558078	222.262221	3.374807	146.948647	125.822730	140.368821	57.189120	-1
233.019142	146.225871	6.872804	111.630349	8.413291	59.476951	24.757619	-1
174.062493	375.864515	8.717480	165.857296	184.431144	242.770728	70.380757	-1
45.904549	134.563271	6.114155	56.289748	46.626830	87.078633	18.351404	-1
0.588717	146.719522	5.324975	49.494675	16.633913	106.794707	15.955233	-1
216.738448	218.696669	15.675915	65.571910	101.478293	53.431327	5.935095	-1
139.712438	214.065508	17.749980	131.394028	78.909030	154.276628	68.333785	-1
11.360523	162.245404	5.906991	55.503373	48.478871	88.737398	21.690863	-1
43.855758	94.593826	1.168545	29.796218	45.932002	77.326689	15.562449	-1
147.221745	263.618625	48.964964	214.045026	101.017512	179.407917	69.745672	-1
156.501230	339.154913	26.216463	87.109619	145.997701	203.803086	49.661838	-1
34.461482	241.163648	19.844077	105.880691	169.522514	144.965543	45.444673	-1
45.000744	214.042611	5.112247	104.162703	112.389890	131.252277	46.928644	-1
123.449478	284.468660	14.886324	167.933332	139.172396	183.685021	59.550365	-1
170.296443	303.756094	13.835458	176.122136	131.902769	184.709137	76.472929	-1
121.403343	267.909359	19.169408	227.747784	121.719117	172.998934	82.147047	-1
51.147652	122.980012	7.965948	69.320563	41.495005	91.120946	29.068167	-1
145.011506	144.529401	14.064820	52.622609	45.108573	90.673628	17.782004	-1
158.343966	321.867430	23.724564	242.532595	113.935385	206.260875	55.001983	-1
48.346542	169.110571	6.036075	120.038597	122.897212	127.096256	59.299255	-1
44.749179	162.299978	9.431728	88.065630	98.821056	122.919833	41.623210	-1
76.243833	265.286281	7.279095	97.346717	86.745148	167.707498	38.005127	-1
167.816989	257.765673	24.885089	115.461158	98.547508	145.273087	54.341397	-1
91.693883	229.731234	17.386021	146.456990	99.992186	168.352082	36.777997	-1
259.596125	279.985781	13.862385	164.126640	200.903517	250.010721	89.025317	-1
114.456046	248.090518	27.874419	120.090261	81.671399	205.108804	30.420315	-1
61.785242	261.383942	10.762324	106.705200	78.235740	188.233259	56.907858	-1
163.788300	251.709548	12.318275	165.121107	124.469295	185.194020	63.637724	-1
135.931087	205.900231	19.144764	159.235890	100.642585	144.370639	46.456936	-1
131.553749	162.869291	22.569274	137.810072	215.319097	108.252019	50.645303	-1
38.117015	204.035886	6.945441	63.104170	76.619461	136.047818	30.010412	-1
151.886336	293.204589	9.204188	121.501025	79.448852	186.203080	37.694177	-1
60.859221	246.517137	13.843449	127.374003	101.241595	182.773321	55.147042	-1
137.315127	217.599404	5.110147	132.911889	209.284579	166.424581	99.788170	-1
75.829624	319.856665	25.806322	70.503654	109.996011	191.152750	66.986013	-1
63.444940	213.841767	16.684871	23.735436	95.669084	141.422858	43.122566	-1
105.652794	262.287893	15.316301	214.360675	155.734458	193.366294	90.434833	-1
154.194680	313.811718	33.146290	197.122712	169.378013	198.596087	51.649807	-1
218.697983	214.487131	20.634752	233.050843	155.538988	181.805341	89.962212	-1
123.455744	300.969802	16.893066	173.519453	176.610565	197.846026	62.329278	-1
48.794410	236.403675	15.767651	126.707546	90.804444	144.075591	58.887701	-1
203.788521	340.837908	1.672723	117.078376	155.522449	193.288997	51.136527	-1
84.018546	238.559385	21.184496	182.721099	137.253674	211.885484	92.206039	-1
136.598147	222.849405	25.880417	100.841851	83.816084	150.586802	51.833221	-1
26.958087	232.416933	8.661873	119.209083	105.749305	206.823890	77.435457	-1
145.014763	315.928399	16.793110	168.691234	176.691968	180.898634	93.285835	-1
146.603976	207.706705	10.259931	153.696098	173.682500	144.841693	57.864044	-1
155.474898	257.448315	14.010984	64.191931	133.502471	157.560212	33.394058	-1
134.641510	358.577358	-0.312934	124.478889	88.394444	210.649949	68.862203	-1
248.143887	365.719950	47.605042	138.633274	149.145834	221.120172	65.219780	-1
201.672495	265.060018	13.553849	103.413957	128.469763	181.758309	54.682404	-1
134.176864	260.306106	9.658128	118.410853	83.646657	164.627422	59.689549	-1
113.926716	320.579681	16.245194	143.576387	102.905593	196.360896	82.331612	-1
159.780277	284.587119	22.845765	113.535550	66.883223	184.830879	70.126607	-1
150.394572	243.976462	24.346054	95.718135	183.854603	161.555999	42.781153	-1
168.256675	172.254936	-0.400154	65.481944	92.279402	117.881012	36.796097	-1
137.831354	265.025356	27.987356	46.342970	106.386332	182.458896	29.934221	-1
190.387178	401.749074	8.851890	182.075655	108.766133	239.726597	67.813857	-1
61.877083	328.477105	25.257716	84.154816	139.029230	199.502717	48.013006	-1
0.561833	346.400379	28.994392	148.897757	84.454902	213.356102	45.951603	-1
52.117016	252.543625	7.229176	74.673747	160.208995	199.830425	46.595507	-1
168.560851	336.602380	19.305248	89.888341	83.265892	223.389442	79.549688	-1
73.843413	205.610436	32.702390	95.347415	62.324059	147.516271	55.671316	-1
179.687154	430.375099	46.647609	139.340038	131.335913	230.764590	51.658833	-1
140.967860	265.341185	32.639175	97.498261	79.127408	158.425428	45.009855	-1
169.948533	319.784098	32.237490	78.082351	106.156194	182.488492	54.751947	-1
157.201484	219.317669	19.922831	92.291100	78.279569	164.610027	43.478914	-1
135.630867	254.307468	24.474234	86.260774	110.797610	144.379261	41.663797	-1
188.416686	369.426739	20.504655	135.963944	132.400197	235.438430	79.248163	-1
169.253978	369.564080	1.132370	122.328034	75.753813	199.779955	57.261137	-1
168.088508	264.985898	3.742694	91.137671	82.304414	148.072000	31.341785	-1
146.947137	198.438812	0.628083	128.453044	90.239994	129.190278	31.094101	-1
126.699692	290.344715	34.605640	162.191309	88.536868	183.877411	59.803976	-1
154.313507	214.531771	25.434567	123.951352	77.982136	166.089463	48.548085	-1
161.296668	336.614377	32.064496	106.344149	137.742999	195.505026	37.917265	-1
100.699430	418.704123	57.467308	146.300754	187.831125	233.658333	63.263409	-1
146.932442	294.924099	40.163680	98.843192	137.576362	195.415800	52.754005	-1
129.683134	224.066658	35.238583	163.172643	88.241441	207.586589	61.972877	-1
